1012201
3220000
13003
110002
100221001
21301
202021000
2014
21200011
2101102
101131000
102003100
100210210
211201
11020120
200110300
3121000
110110102
12020002
30102001
100003201
10123
24010000
30020200
31012000
121110100
110000002
311000200
400120000
210000004
121101100
20002120
100010230
10001203
21100300
10112110
200100310
311011
100010200
210001
22000000
20030200
210000310
130101001
10122100
10102300
101011012
1102
22010020
10004020
400000120
120102100
20001220
1003300
10200103
13200010
30013000
30004000
100011301
213010
40002010
110022100
212100001
10020004
2100112
201010030
12100300
200210002
100003021
11102011
20200102
10001032
21100111
211200100
110120110
2221
2120002
200202001
100020004
2200
140000101
200020003
20122000
103000210
1000222
1102102
10033000
130110010
110111011
201000004
10010104
301110010
2001040
11211010
22000012
10101001
411000010
21010300
100411
10210300
12000040
130110100
110201011
110020120
240001
220210
31111000
210021010
111200020
12112000
10023001
131020000
220100200
202100002
1103110
1010014
1100032
11201002
11101
32110000
21010030
103020010
101004100
110101210
230010100
2002111
300031
40000
110002201
111010021
230100010
110000131
1410100
11100301
2210011
1021300
10230100
1210120
110014000
210001111
210001120
102100030
201300001
1013101
21002101
10200310
110230000
400101100
40100002
3002002
104100010
1022011
210020011
10111030
11030101
214
1132
210103
200010001
10121110
221020
1002130
100030012
110012020
110002021
201111100
300001021
103110010
101000140
100320100
100012
12000001
20013010
21100120
130000012
11320000
100220011
1100041
140001001
102001
121001002
22110001
20311000
400001101
200410
111120001
22020010
110021020
210100111
30010102
102000022
200220001
1240000
100100011
10102000
11000023
1220101
101020021
30002011
120001111
13100020
300022
10002211
102020020
103
133000000
203000200
30010300
1311100
101020300
200010211
211000021
20103100
400000111
111000010
12000310
11020021
10003012
210000301
120000001
102001201
31210
1011010
220001200
10110220
1020112
100121011
102040
10100113
303010000
32000101
120000130
300100201
11300020
40010002
30301000
121200001
20110120
3000022
11302000
10030210
330001000
420000001
111010003
2203000
2020111
200011
11040100
10111120
100000000
130000030
320000002
321010000
104000002
10030021
2101201
130021
140000002
100000114
2101003
1101013
10310020
200000104
130000
1010002
10001023
111102001
101320
111011200
22003000
130010200
220010020
21110020
200001202
12001201
2010031
400000012
201011101
340000
200201101
202000030
200002000
2111101
100004200
100001014
12000211
10013002
230000011
10003300
100011400
3001003
130030
2100400
400100020
110021002
111021001
200004100
2011
130000000
210021100
121010200
121101010
110120020
110002012
220300000
122020000
230010010
100130101
1100311
110001310
3010
101102002
10001401
11010202
10042000
10020130
110001202
20101300
20010211
104000110
102010030
12010300
401001010
100200130
10401100
10300210
210301
320100001
111110011
3301000
221110
101200102
20100040
110311000
300000103
210101020
102000202
111001030
110203000
110001100
3002020
10130101
10111012
1200220
30100111
110131000
10001113
210010210
100030102
110100001
12010120
30021001
220000300
30020020
20012110
202101100
101111011
21012001
301210000
100001140
11111110
200012110
20220010
221010100
102010201
200101021
11030011
212101
21012100
230100100
120002200
110000032
102000004
100311001
200201011
24010
11101003
110021101
201202
301010101
22030
4000
100004020
10001020
31003
3010021
31011100
3030010
101002003
2112100
100310011
102102001
22000003
130020100
31120000
100000303
13002010
121020001
213010000
120210100
20021110
120001201
101100400
101410
110031001
1000204
121001110
120310000
202001101
3000220
300120001
103000102
201120001
111001300
21030100
101200210
200103100
100002130
1030021
300201100
220010200
200002003
1022200
320101
110103001
31210000
10041100
301101100
201000112
200202100
200100040
20200
11203
320200000
120000103
400101001
100001113
202010011
10202011
12001102
11010022
2103010
200110030
21011110
211000102
111202
11001211
201004
110010301
1101301
1310020
132010
21200110
10221100
20010310
320001010
302002000
123001
220012
1042000
101010004
1022101
220011010
10004110
20101003
310300
122200
200300020
102111010
2000131
111201100
20010013
411010000
120300100
10030030
101110
201010
100120120
200011300
300310
403
11000320
1111120
230200000
221200000
130210000
200210101
1004002
30030001
210101200
10111000
100201210
40000210
1102111
1200040
42001
111040000
20111110
101003011
101000320
10103002
20010220
20020102
123100000
120001300
310001011
121120
112000102
202110010
111010
1120
300010210
200002120
1020031
104110000
103201000
1211020
10210003
10312000
13002100
10220110
110004001
331000000
410010100
1014100
100022011
13010101
101004001
203100100
12013000
21202000
10012012
1201210
100001020
100101004
110002003
201013000
311100001
2000110
100302010
11001100
110221
20101030
10001110
103101010
30004
1110004
130111
100200001
211102
203010100
120001030
110000320
101203000
3201100
1101004
10003
112200001
10012120
1022002
2002201
20002210
20102011
2100031
40000003
401020000
120200110
320010010
110002300
210100000
20014000
13102000
10020010
20011021
100300300
30000031
11013010
2112001
100000132
10213
110202010
302020000
300011110
200000014
200001220
111200200
121021
32001100
101002120
302110
210130
10000240
220020100
110004010
2000020
1001113
102010
11200
10000123
104100100
1000033
410200
1300
1013011
410100100
400020010
111400
124000
10104001
111004
1211002
10202101
301100020
103021000
200121010
200020120
201010012
10012030
20200111
30000202
1012210
100011022
113001001
200002201
11011201
24100000
20000320
102000211
100220020
100012003
1220110
23100010
20103001
202210000
200101000
201200200
100210030
22100110
110000101
201001030
100012021
21001000
13000120
200120002
32110
110203
11000140
10200013
12111100
1110301
1003210
210003010
2300011
202010002
13100200
3000013
100001320
10302001
4001002
200310100
10300111
20010103
42010000
20011210
400000
100031020
1123000
103000300
220001011
204000100
1003000
102002002
110201101
2020021
211120000
10011400
110001400
200200120
31201
220002100
31110100
101014000
200100400
101002102
120100300
104000200
11100001
121020010
10220020
111003100
122002
13030000
300112000
210110200
200000131
104002000
11004100
21300100
1011004
140000011
10030111
120110101
103100200
301002001
121021000
100
310201000
200311000
10003030
30110200
110110003
102100102
20300002
131100100
100302100
101120020
10000204
2113
12110110
10203001
400001110
231000001
212001100
101000032
101111002
10000012
11001004
32020
100032010
110032
41200000
31102000
400110001
201001012
11301100
22001011
2110021
211200010
11400001
200002012
112111000
300002020
310000021
102102100
1001110
12013
12111001
10201120
301000300
200011120
41200
11230
110110120
120011110
3200002
103010200
101140
100113001
1011112
221001010
31010011
101311000
102010111
3011101
311002000
120200200
102003001
1112002
10012102
112000030
201012010
2140
110010013
12100102
110100031
1110001
11022010
312000100
10030000
20000302
100100200
101210200
100001002
30201001
20200021
103000030
121111000
400021000
310002100
100302001
10002013
110110012
101002300
201011200
2001130
110201110
110020030
110030011
100111111
10002220
10101040
2112010
100101211
200010004
11003101
112000
10222
2122
1121200
400000000
111110101
302100010
3020020
111300010
31001200
21112000
102002101
4010101
41101
10003120
10002100
1000030
11120110
211001020
21001030
12001021
300001000
403000
111101101
111000400
10010002
10010113
100141000
200000140
21100000
201003001
100200211
101201002
23100100
10020103
410110000
10300300
2110300
100211101
100112020
2030101
300112
11210200
22000111
30300001
210110020
300011020
101201110
111000013
14010010
12000112
20120011
10021210
110001103
10222000
102020002
310001110
302010100
210300001
120211000
130101100
200320
101010001
100000021
21000004
21000112
30010111
141001000
120000301
220110010
200000101
20130100
310021
1010113
20112001
300111010
3102100
241000
100020022
111030001
130000021
100130110
20023
11000110
10040020
20310010
101140000
110000410
200021011
100010311
10213000
30003100
100114
202010200
100320001
311001001
100110310
110211001
10001230
102100012
122000002
200000203
100100410
200012020
11021110
100211110
100033
31120
10012201
40200001
113000020
30020002
41000110
13000
10102003
11200210
411001000
100012000
11220100
21001012
120022
120112000
210001012
200111101
2010400
221001001
110030101
21100030
2111011
2002012
202021
113020000
401002000
210003001
200010220
1200004
1002001
3000211
200100220
11000020
10100212
4000012
300000202
11110030
1210111
4002001
201110002
101120200
210202000
410010010
202110001
22010101
2110210
100102012
2101021
40111000
110030110
2300020
2000302
111001111
112000021
1200001
130100101
20000401
201000040
202111
1201003
220101100
1011220
20002012
2201002
102004
101000401
100210111
200401
100300000
300030010
110121100
20000212
101001310
200010310
110201200
1110121
1204000
21001111
12102001
210310
120013
110013100
201200002
331
31101001
21100201
300100000
310100110
1103002
1102000
31000300
3030100
12100111
110302
21102001
110020021
110010100
21010
100002211
10100320
10402
110140
10111201
2000101
10101100
1011202
410001100
20041000
12130000
201000202
3110011
21031000
13000210
112011001
221100010
3211000
100310020
1102030
111001003
1020310
2010022
302000110
211100002
30101002
100012111
10240
112012
2101012
30031000
400001011
110010130
110101000
100132000
1032100
13012
112000003
122001010
110200300
120111001
111111001
111011020
10003201
321000001
220020010
120110020
101000023
10140100
30121000
4100002
100400101
200210011
10010410
13101100
100210000
14200
300010300
110000104
3310000
201000121
3110002
11100022
11202010
4200001
200011000
101010130
200021002
111020011
101110120
1103011
32100010
200200003
100030000
210020020
102021100
11103100
10101121
100030003
200212000
201130
102120010
101041
101012002
101010013
22100101
403000000
221000110
210002020
400030
100202110
112001011
12011020
1121020
1010140
12000400
23101000
221001100
300003001
2000230
101101111
320002
1110202
21200101
120010120
220101001
20000104
101021110
202001011
40021000
10040110
10010110
11202001
12012010
10041010
11012002
20101111
102012100
100130020
10103200
4210
11121001
201040000
210120001
101201200
11110210
121000201
20211010
10040200
11112001
401200000
210000130
103200001
301000
111001000
101000212
101010040
10040002
220010002
111100003
211200001
1220020
2100202
40100110
201121000
202100101
2121100
10321000
101100004
300000004
110011102
110221000
330001
100014001
303000100
100300201
110121001
40020100
23001001
1202200
40300000
410200000
201310000
200101012
11011000
101001004
12010021
100022110
10201102
210220000
100004110
200000320
210011011
101300101
4102
1104100
1121101
400011100
30020110
130001200
2000311
2122000
101002201
21040
1130002
1221001
202000000
111220000
1300030
1141000
1114000
40001020
1102021
3211
101010220
30200200
3030001
11401000
32200
111002200
240000001
212101000
1000000
1011130
400210
202000003
210010120
22120000
204001000
11010310
32000020
2000203
230200
10010020
102201100
300202
11030002
10212010
10210120
10410010
110013010
20003002
300010102
102021010
10400002
101100040
14000200
1300120
102110200
1400020
2110102
130101010
20000002
111010000
102020011
102000310
13110001
20040001
302000002
100012030
211001200
11001103
11101021
100201102
1400110
100002310
112300000
102001003
1000411
101011120
313000
1023100
1010131
10204
300000013
201110020
100000003
101023000
100202011
200100100
100023100
11410
240000100
230001001
201031000
400003
100130002
10210030
110012101
1001002
221110000
114100000
30001210
202110100
311000101
100021000
1100122
20121010
1201120
1041100
2012200
1410001
22000030
23000011
120100111
300010201
110000221
10301002
200032000
102300010
102210100
411100
200200102
23000002
111110020
14002000
3101002
101210020
210201100
300111100
300110020
301021000
20110111
401101
200001004
1110310
11310001
21001
202200010
100102111
100201201
2131
121000021
41010010
12000202
110310010
122000200
21010111
2300101
100032001
1112020
401100100
101001100
110200000
3111100
101201101
31001011
20012011
1001101
100120021
400210000
100003003
20000311
300103
1101100
111011002
101101
3012001
123000100
113001010
1122100
30220
20101
11010211
12011200
1200010
132100000
112000300
20111002
101020003
103001200
140100001
110011201
3020101
402000100
112000111
200200111
230010001
21103000
3100120
100401001
3301
13201
110110201
10410001
100203001
12010102
110020201
101001031
100000201
2210200
120100012
111121000
101041000
102012010
300040
1132000
211012
22021
111000301
1230100
140000110
110010103
2131000
240100
2002
110102011
12112
112021000
13003000
120022000
11121100
13100101
321010
20103010
10002001
401001100
10120300
11110102
10000021
4200010
14000011
21112
100220101
100021003
110210200
11002
31002001
13101001
10001131
210001210
400000021
211100110
203001001
132100
1002004
22101010
13010110
20201011
400100200
300210100
3100030
121030
1010020
2103100
140100010
30102010
301000201
100001401
20310001
10021120
220201
120003001
30102100
4201000
320011
1010200
210112
100402000
402100
1100203
113000002
30200020
101003002
3001111
3001120
202000
302011
2110120
130030000
31000111
110020300
40101010
2010103
214000
1001104
31001110
110111020
2002300
100301200
200102002
401110
10210102
102000400
101212000
11130010
320000200
210100003
30030010
201110011
101030020
10101130
10021111
1001311
21310
1020103
20101210
402100000
23000020
310021000
300000112
22003
100130011
101113000
200010103
104020000
401001001
101001040
22001020
121000210
120120001
303000010
230100001
111022000
11102101
110320
120100021
110302000
110100022
10310101
10013011
200000032
210210001
110110111
100301020
222001
11200201
200301010
10131001
1200031
200001211
104011000
300001
130000300
302001100
311000011
200020000
120010030
111000040
2111020
310111
111021100
1300300
102101110
2002000
113100010
112011100
101200030
100102000
302020
100103020
30202000
220000012
200100022
101102101
13011010
400003000
10000033
2200000
203010001
100103101
12020011
120210001
10203010
11010004
100040011
100011310
10100140
301030000
202003000
320001001
20110030
211010110
10012000
2022001
100120012
2202100
100000204
112200100
1220002
102120001
120010021
100010401
12100
100011031
220100011
200013100
200021200
101000002
200210200
12000301
120112
12200002
4111
2230
111002110
300004000
130002001
110000230
100201021
100011040
10020100
2201101
202000111
14100001
111211
111100210
11020201
3021010
100101112
1100131
40003000
30201010
20023000
120002110
104101000
1210021
40012
221000011
400100002
310002001
12310
33010000
213000001
3100111
340
101012020
101002012
100123
122101000
200000200
103001002
230110
201211
3002011
100001212
230000101
401000200
13001110
10114000
400110010
100021
11001301
30300100
300001102
21111010
1112200
21300001
1201021
20002003
11400010
100100101
200011021
1202110
401101000
30201100
3000010
4120
10101211
102040000
21102010
130001020
202101010
100102210
220000111
200000023
2311000
20101102
1302010
2102002
120010300
301001020
2000032
111031000
100002031
200112010
3011110
4100101
201400
203200
40300
110111002
31020100
3200020
102000100
13100110
400201
220010110
110002030
112210000
200010301
10112002
20000041
200230
11001310
201201001
101002021
32101
20131
101012011
10110112
20300020
201001000
101400100
1013020
11000203
210010300
210001201
201030010
302200
300002110
101013001
3120001
122002000
1310002
101100013
110003110
322000
221011
20030110
230101
11101120
1010122
1031020
31011010
201000100
111020101
110101021
211000300
110020000
100103200
120301
10042
201021001
231001
120111100
21100003
201000220
3110020
1100410
22300000
211011010
201010210
30103000
20011300
11023000
31110010
301100101
20011111
101112010
100100311
1031002
220200010
120012010
100201111
10400200
101202001
20300011
210001003
2012110
11201110
10102210
131110000
204010000
300002002
22300
21000301
110010310
10000132
30111010
120010201
1130110
1013200
11111011
103110100
300100102
2220100
211000003
200300011
210010000
110111110
3100000
102210001
10112200
30100210
101022001
101001301
401010001
3201010
100100140
123010
10200100
310001101
103300
100003
140002
20100400
10202200
41011000
200200210
100010020
11003011
12010210
41001100
2000410
100011202
101110012
2300200
123100
121002001
112000201
30110002
20012200
10120030
122100010
220100101
302010010
202011001
200013001
23010001
210111001
211100101
201300100
10100401
1010311
100101001
20020201
21310000
3011200
301000012
102110011
100110103
100204000
11002300
101100301
10011130
103020001
202000102
100230010
130003
11001400
11000041
1121110
41011
14101
111103000
300000400
201000310
102110110
401200
1100002
10040011
101100100
102310
21000040
401110000
33000100
21040000
102010120
141100
10010320
10004200
1311001
102000103
101001121
100300102
100021210
211020010
1100200
211
10101103
230110000
211003000
3002110
102011200
300100012
112010101
2030002
11200111
11130001
130011100
110002000
120012100
210011101
20000113
2041
12022
100000222
11000230
122100001
21120001
2022010
132000010
11020012
400102
30200101
201002020
101221
142000
1101400
10312
20200000
220000201
110000020
401100001
200012101
11301010
20031010
300220
20020120
2012002
1100401
22102
40012000
320010100
122000020
10001140
102200020
2000002
1201012
220021
201020011
3001
121201
101120011
11000014
10011031
101101021
10311010
20101120
120130000
300101101
101011030
200100202
11103001
420010
10200211
20001004
1120021
121000030
311100100
12220000
111002101
1110220
3004
110100130
40010110
110300101
101221000
100211020
200020210
131020
100200013
11000302
11110120
401011000
10311100
110011030
3000310
100200220
21001021
320101000
120010003
41100001
12011011
200300200
211100020
101100220
110100301
10010230
31002100
12021001
120020002
210102010
100110031
11210101
21001300
10010401
10000222
201201100
200100031
1040002
10310200
200320000
10011013
10001041
330000001
200002102
1010401
20111011
2001400
12110011
20101021
131001001
10032001
1004101
30010030
30002101
211000
202210
3040
2001031
400111000
40020010
20022001
10110202
12120001
100010011
1201201
411000100
130010002
1310200
100021111
101130100
10010011
11113000
103010011
3110101
100200202
201100012
211012000
100111000
101211100
1031200
10220200
211010011
112100002
100330
1303
1100113
1222
110023
210010012
100221100
11001121
1021111
200030110
120110011
102100300
3010003
3002200
11200012
1000120
230020
11122000
1100320
1201111
2001022
10113010
1000132
20003200
210002110
210102100
21020200
13002001
40000021
20401000
120002020
110011210
110001211
100100023
103003000
30210010
32020000
201200101
100102030
11221
102001102
200102200
101210110
310000030
131002000
221002000
40120000
102001111
20211001
120121
400002001
102101002
301011001
200011012
1212010
100104010
111103
100010101
113010010
2010010
1030300
200010121
100122010
100301002
11120200
100000420
130002010
211020100
101040100
100320010
100311010
400201000
20211100
30101200
102300001
10400110
23000110
22002100
12002002
300121
10201210
1021012
13000003
130000201
20110003
302002
200103001
12110002
11000104
40110010
121000000
102111100
202010101
201000211
40120
100001041
2001004
100420
230000200
22011100
31100020
103002010
2101030
111000211
22010011
10011202
320110000
31000030
2002030
4010200
211120
111000031
20100130
2100040
130300000
221100100
210001102
202200001
10103110
101200012
400101010
20020003
200001130
12001120
1011001
20011
110100100
112101001
320000101
212110000
200004010
103200010
3020110
100010302
304
321001000
121000300
202111000
203100010
12100030
20102101
330000100
2020003
200120110
200120011
300100120
212010010
10110100
20100100
20000140
121100011
110103010
3121
11100100
101103010
11210002
20110012
30310000
120301000
400002010
101011300
22000
2102020
1001122
1101001
14020
42000010
131000101
400000201
300110110
114000010
200010022
32011000
111010030
110102002
100000321
11001040
22000021
400000030
201000022
2022100
11311000
11000311
10200202
2012020
130001002
210111010
131110
300130
1102300
20110210
102201001
23000200
20000032
110000014
2000104
331000
100000141
20001211
11002120
21004
122010100
130120000
11120101
12400
101100103
21000211
21011011
110200201
110001010
100100113
1120300
31102
211000012
10031002
201011020
41010001
22101001
20100013
102010021
20201110
131100010
11221000
2003011
300201001
200301100
31100200
101120110
21202
11002021
1021
10201021
110040001
301001110
310010002
400020001
202100011
2032
21100102
10110022
10110010
400200001
120030100
30010210
3003001
101000200
103102
10111300
1101112
1000024
1101022
13001002
20100202
10210210
31000003
110200003
300002101
202120000
112201000
20012101
20001202
20002102
11012020
302000011
4100200
120100201
20100001
20001001
201001111
201011011
200100010
101011021
12010201
201101020
110102020
110211010
232000000
21111100
120110110
210110101
102011020
2102101
2012011
222001000
103111
111013
2120011
100201
12000004
20301001
120100102
100012210
1040110
1100014
11000101
121210
20100121
102100021
103010101
201111001
11401
210010021
123010000
3001210
301003
210201001
12004000
111101020
11100130
111010120
220021000
31110001
102010000
3000100
301000021
11201020
1011121
31100110
102004000
210201010
11110003
410110
110010031
10001122
21100012
2200120
310010020
300001030
120000100
11003200
101211001
112003000
212000020
121010002
112000210
10001101
200113000
140020
22001101
10012111
1000402
130210
130010011
100101103
200021020
100003012
21000220
2010100
201010201
310201
23020000
311001100
31010110
2200111
101020111
1120000
100110010
40002100
14010001
121011001
20100112
222000001
201002011
100212100
101011
21000031
1401001
1000420
12012001
11011021
200122000
3101200
100131010
112110001
10210000
300020002
100000030
300010
110101102
13010020
2120200
101212
210030100
110104000
301201000
100111120
101103001
203011
102210010
13010002
310101010
20030101
300101020
104010001
100201030
20031001
300100
12110101
10310110
330000010
20310100
21110200
2031100
13101010
30010021
10101031
21111001
10110310
1020121
41000101
100040110
110131
110100112
111010201
20201101
10031020
2001001
200002210
4010011
100101040
20120110
20202010
310012
411001
20041
210000100
401100010
200101030
201001210
100100401
10200112
220020001
2030200
101000101
100202200
1024
101200201
120310
203000110
221010001
1011400
1101103
22010200
112100101
201001201
1131001
301000003
100100320
40200010
1100104
102100201
101011201
110400001
10000
11320
40
200111200
10300102
211010200
210101110
1213
102100
30100030
122110
201031
140200000
20131000
300011101
10120003
100110301
21201100
20011012
11010001
300400000
110020003
20111020
100020220
10201003
1003120
102112000
102102010
223000
412
10102
402001
10120021
221000101
30003001
100300120
1400200
13020100
111200002
200013010
100000120
101100010
212000110
30101110
10003003
110110300
102000001
11012110
10101301
2121010
10200001
120001021
101030200
100100212
11004010
22100002
100021201
10004101
110032000
301011010
200102011
201100
20320
101111200
122001001
21101011
211100200
200001103
4000000
103012000
4102000
100120
20001130
101011102
1231
10211101
120010
1121011
10021030
100210012
210310000
20140000
131010010
211010002
101010112
200032
100010122
320000020
400102000
220100110
200030002
30002110
1023010
100213
210030001
100020001
12101011
10200301
2310010
11000212
211021000
103011010
3020011
100012300
1110010
12002101
301120000
40100200
3010030
1013002
12001003
31001101
203100001
201220
100013200
100012201
12300010
320020
100210201
100111012
203001010
130100200
20112100
3220
1104010
200300002
21400000
1030111
11041
12001111
10200121
110010040
20010004
230000020
120101011
110001220
104100001
11300002
2021020
2020012
2110012
212000002
2000023
102110020
101210101
10110031
43000
2110
210100102
322000000
100030300
200000410
30012010
1000330
21021010
2201020
102031
4000030
110100013
40002001
12002020
110110021
301300000
20301100
130011001
104000011
202102
21010120
21010021
1203001
1000141
111300100
100010014
20221
100002010
3001000
4110010
310030
310110001
21220000
100110112
200400001
112200010
12201010
30400000
110300110
41100010
100222000
2004100
1030201
112201
21020011
10002130
231100000
202300
100200112
100001101
12010030
100002112
101010301
212000101
20011003
210101101
101031100
1120003
11010301
110301100
120000013
30011020
30130
31200010
100101202
240010
11001001
20002300
201020101
102000040
100201000
100020010
10113100
310111000
10012210
200101210
200031001
11120020
1011103
1400101
31
101104
21001003
102211
11010121
2020120
113000101
100140001
13001101
2031001
1111003
100012102
113011
20201002
20203000
1101220
11010031
1020202
2002102
204100000
112120000
202200100
3012100
101011003
100010212
200031100
111013000
20010400
3004000
103002001
12001000
1020013
300000100
301000102
100121020
11002030
21004000
211030000
40210000
1030003
100001200
20200210
103000021
100231000
100131100
220120000
300010000
41101000
10011100
301200001
200311
3310
110401
13011001
202001110
120020101
120001102
2302000
202012000
12110020
21000022
120001003
301010200
103000201
231010
100101022
41010100
100200022
110100121
121101001
10000210
210000220
20311
101101120
10202110
22000201
20100220
1002031
300021100
200212
101040010
22210
40020001
212010100
20030011
210000103
200301001
200012011
10001212
111100000
20220100
10320010
10013200
10020202
101030002
201013
100100104
20120002
401000101
101200000
111021010
4300
120000010
30040
12210010
100110004
3100021
2021200
100100041
11211100
430000000
211000111
202100200
2000320
3010102
421
10211002
20012002
110011012
20102110
13120000
100011001
12121000
1100011
1210210
1001131
112000000
122200000
130020010
111112000
112100200
21000010
2013001
102010012
110002120
3101110
100400200
200012002
201100102
110100310
11000122
21000103
140002000
200000002
3000202
200020021
101102200
10031101
10010131
2200012
310000000
410100010
100120030
10110211
12300001
210400
100021012
42010
213100000
30002002
300000022
102121000
3011011
22000102
31000201
12102100
10112101
121012
301020001
101122000
200040010
102013
2220001
110020012
1320001
124000000
3202000
101310100
114010
13120
120004
20001301
10014001
2001211
10120111
11001013
11100112
10013101
122000011
41000200
20000101
11111101
100231
10300
32100001
21002020
400030000
300012010
14101000
2001310
3000040
10002310
100000
330010
22200001
10020121
1002040
212100010
101101012
22002010
21101200
20210101
30300010
110122000
3100003
3001300
102000013
230020000
120202000
21110002
1200202
12031
11100004
10030120
20000131
2301010
1300111
102001021
100102300
1210030
30103
121200010
110211100
20040100
10001221
2003110
203020
110110210
10041001
1032001
1213000
201210010
211020001
112030000
32001010
310010200
120003100
301102000
12031000
20100301
30100102
311010001
300101002
202020010
410011
11011111
412000
101102011
1000231
303000001
300010030
200030011
14011000
321100
102103
10010023
1004200
300100003
103110001
101002210
330100
212200
1021102
10002112
1020040
2001121
200102020
410002
100031200
1110103
301000210
10200031
11001220
30000001
102020110
2004010
20230
21200200
2040001
221011000
121100101
3010210
200100130
111121
10420000
11030200
10211020
410011000
203001100
220002010
101010400
112100011
120211
3001021
33100
10011121
10000120
4002100
140010100
120010111
121102000
200000020
2102110
111001012
10000213
1001302
210000022
101011000
11400100
311101
22
1002211
2010301
11200120
113101000
200002030
101300002
3012010
20210002
30210001
11013001
11012101
210130000
300130000
210012010
100113100
1201
10000420
10122001
1200310
32000200
200003101
200011003
100122001
11021002
20122
10320100
1200130
220000000
210004000
421000
200200
100200310
1321
10211110
10202002
23002000
131000002
310000102
2002210
104020
10301101
2103001
300000040
101310010
200131
1311010
11020030
11111020
3100210
11002102
301100011
2111110
100021030
10123000
11100310
12000031
10032010
300200200
201100000
2210002
42000001
140010001
210013
210031000
300020011
110003101
120011002
2000011
100110130
31030
100030210
311001010
200030101
111100300
102201010
301300
100002013
1021000
101001103
101201011
12020110
10200022
330100000
210111100
2014000
103030
22101100
230101000
200200030
10014100
31000
101201020
23200000
411000001
20104000
101032
11001112
200100301
100010221
1103200
130200100
130200001
20020111
202020001
100120300
11023
10301011
1104001
210010102
201121
11101300
10140001
10000024
1101310
10321
40010101
130010110
1001140
300004
3031
1402
10032100
20010112
10002004
110113
12010
12011002
301110100
2110000
3102010
12202000
1010230
100122100
1231000
2302
311101000
30200011
20003101
120110200
300120100
4201
1012
10220011
10030201
300020101
210101002
310011001
201101110
102200200
120002011
301101010
3002101
10101013
10100104
200201002
40000102
1000240
1120012
1030210
101001022
140020000
13300000
103030000
11120011
110120011
2011210
11300011
101220100
130102000
31201000
1300000
103102000
102030001
11020300
200010040
220011100
100013011
110102101
12301
10002121
10100002
12200110
100402
142000000
101001400
101210002
10131010
100001032
11002201
10111003
410020
131011
21003100
10030102
2000401
100200103
11020111
141010000
131101000
20230000
110003002
100000300
100000012
30100012
20010010
112002001
10012003
340000000
10000111
3101020
200211010
11002003
21002110
1003003
201001003
100103002
11010400
1042
200201200
1130101
21000121
210010003
300030001
200104000
300001120
102001012
100210
220010101
10130011
101121001
12000100
21000100
220001020
30000220
301200100
2120101
32200000
30000010
201000103
4012
12301000
101113
22200100
23100001
300200011
400001020
102002011
311110
301030
10002010
130010020
310010011
201020002
123000001
302011000
131001010
220201000
11410000
130
103210
401000011
1330000
100201120
200010112
110014
10100011
10300012
3100102
200130010
200200012
11102110
301
101220001
10211200
21120010
30020011
110101300
200011030
310120
112010200
220111000
111101011
1100110
23010010
100204
12000121
10401001
14000002
100200010
131200
11003110
1121002
1101202
3130000
102100111
100200031
301201
10200400
13000300
10230010
2211001
1002301
24001
300310000
21120100
201003100
110311
110020
111200101
12210100
100000042
303100000
30011200
300001012
40100011
201301000
21201010
10101202
10110001
110112100
100203100
11203000
1310101
100022101
110010022
1000201
420001000
201010111
3000121
20113
133
310001002
120000112
104000020
2000113
12040000
111100201
101100211
1300210
30121
101103100
3013
201112000
300011011
3200110
1000114
203002
201100021
2100310
20110102
10020310
1021021
20011030
3300010
101020030
111101002
21210010
100240
100020100
20140
11131
10120201
1001230
111002011
210100201
10210111
104010100
202101001
200220010
100210102
111030010
400001200
130300
300013
20410
20101201
21121
10102111
201400000
30001000
110010211
203010010
23011
401000020
103100011
1420000
2001202
10402000
111100012
100013101
10101112
30120001
402000001
200041000
100400011
100200301
42100
100000402
11000131
10300000
10030300
20001121
100401100
20212
121210000
10013110
11040010
10212001
400000003
141100000
120011200
310101001
112300
1000123
10300003
200211100
110111101
100201300
10020022
1110031
111000112
110202100
210011200
300011200
1320100
21400
112030
30021010
11100121
121000102
20102200
10201012
121300000
211101100
102030100
100013110
101220010
100022002
10101310
10201030
302101000
310001200
100011100
201000010
3000112
10011220
1021003
110101201
10102120
112001101
110200120
3003100
2100220
20002201
201001
43000000
30022000
202010020
3202
100102021
101200120
11001202
30100300
310200100
100111
40001200
20201020
210211
131101
20010022
200010130
201103
210100120
1210201
20302
100020040
10100230
231000100
210001030
310000210
300102100
211210
101131
130102
300201010
21010003
301210
122100100
210100021
100111102
10100200
10221001
301000111
1221100
2101
10002040
2121001
1002112
14000101
220000
100001230
12200020
10231
100312
2301001
1020010
1001212
10003111
2211100
2010130
11000401
2202001
3100
101110300
20001040
301100002
12100000
1410010
2100103
1001320
200200300
110002111
101200111
211002001
100000231
11110
21101020
20130001
214000000
203110000
131000011
100220002
200010031
1301002
1010203
110210101
10300021
120001120
230002
11300101
111100
100001131
20010301
3210010
1030102
21101002
102000130
3001201
100120111
11102200
40001011
11010220
1041001
1002202
111130000
300002011
100100302
200221
2220010
200023
100111201
101010202
2212
22201
11012011
220210000
10011103
201012100
2002120
300400
10
120100
110220010
211000030
23000101
20000020
2320
10104100
110301001
10001311
1001203
11022001
201000001
1321000
111220
4
30100021
23002
300010012
131002
111000130
10300201
20002021
41110000
102200101
1030030
110120200
100010140
301111
3112
101101210
13001020
10013020
113000110
200040001
110101012
111112
110200012
13000201
1001023
100410010
111130
10111
1330
12020101
11010010
2011021
211011100
30001102
111100111
100004002
202
2013010
210020200
301100200
114100
11102002
12002110
100310200
200110
21100
40000111
32002000
131011000
310011010
201010102
142
13012000
410001010
110401000
300000001
110000122
110103100
110212
110010220
20010040
11110111
3013000
1001410
100312000
110110
104002
100001104
112010011
32101000
110000140
1130200
10120000
1040101
130001011
300010120
2011030
20200120
11111002
112
100033000
31010020
100111003
120120100
101101000
2102200
120001210
102020101
101104000
1000003
21210001
120103000
20004010
2101210
30120010
20120101
113001100
11130100
100011013
110100202
11122
111020110
111012100
111100102
300000010
21110101
100001221
204100
100041001
310200001
103100110
1100221
12003001
120000202
40110001
21000202
10320001
2201011
114010000
4110001
42000100
22020001
400000300
34000000
220110100
40200100
110001031
111110002
4210000
2001013
21003010
30202
210012001
211100011
14100100
1111300
1401010
30100
12000010
1301200
200020030
300020020
110110030
20101000
13020010
120201100
10003000
210112000
301001011
222100
10231000
111003010
420010000
120100000
30211000
310000012
2011300
21000013
10003102
211021
212020000
110210020
100002004
20210110
10310011
222000100
31010101
430000
311200
111030100
400120
40021
11022100
10040101
20300110
10141000
200000302
1113010
1024000
220002001
20014
10002301
204001
21210100
220100020
102001120
11230000
200100121
1220200
120011011
200122
110101120
111211000
101030101
10110103
112102
210220
201002002
20300200
30200002
300021010
310002010
101030110
10021
310001020
141000010
213100
200110201
11212
211000120
11201200
20130010
20302000
30000004
21021100
200001010
102120100
10010311
10301020
1031011
213000100
201010300
3010201
100102003
101211010
121003000
32010100
211001011
100002103
101100130
1010320
140000200
200000041
31100101
102000031
23020
20102020
2010121
400010002
220000120
121110010
200112001
10120102
220000003
300301
100041010
100110001
112001002
111003001
220030000
212000200
201021010
12211000
100040200
141000001
101110000
3100012
20011120
4011010
100000102
222100000
320100010
220001002
200003110
400000102
40011001
12001300
12100201
2130001
310100200
121201000
30011011
100011112
22020100
220003
23200
1103020
230001010
300300001
100041100
301010011
2111002
10100020
11021020
12012100
101031001
1020301
20001310
41000002
102031000
1120111
13010200
30100003
2320000
2200030
101031010
10024
202000300
111010111
21103
120011020
30010201
2100130
203200000
321000100
200300110
22010002
10121011
10100014
420100000
103011100
1031110
1011211
200101102
21220
12130
111000100
110100010
10101004
100101310
211011001
21020002
1201102
1310011
2104
1112011
11110201
22002001
2400001
21001102
2011012
101001211
100300210
13030
210102001
11032
210110110
22100200
12102010
2012101
310000
100101130
20120020
10014010
200100004
11121010
1012030
1002121
20113000
100103110
300010021
111002020
21030010
312001
200201020
1110130
10300120
4000120
2020210
110011
10000231
10110004
230001100
120101002
202000210
101000110
100012120
201100210
1111012
10220002
410101000
101200003
301000120
114000100
100002301
10030012
20000023
200000122
100030
101400010
2410
1111021
10000402
140101000
32000110
400010020
110020111
4111000
100310101
1211110
112010110
220000030
211001110
120220000
2030110
100121110
40011010
3103
2130100
102121
131000200
20030020
200000401
201001102
200120101
1101211
100120210
311011000
101012110
100141
4003
11311
11100013
100111021
11031001
123001000
201111010
21130
100021021
11112100
1301020
410000200
103001011
3120100
20100022
10010212
101003020
100420000
11300110
20021002
110010004
200203
10132
110200021
210301000
200011111
3040000
3000001
100321000
200004001
211102000
2301100
2300110
40111
100023001
312100
401002
100002022
30000301
20110300
110101030
4003000
232000
10100041
11000113
31001020
1202011
2040010
11021011
203011000
3210100
301001002
14001010
311020
202003
120130
2010220
30210100
20111200
113100001
200130100
310003
2020300
100100230
100112011
11210110
10120012
131200000
300211
110104
110021011
120040
20121001
1004011
3003010
302001001
10100203
101200
12020020
12030010
13001011
201010003
201110101
202020100
2011111
1201030
10301110
220010011
100010320
21200020
2000212
303100
13300
110000023
111120100
3200011
101000311
2110111
13000000
301012000
121100002
2011120
1120102
200302
111300001
22001002
41002000
103100101
2011003
200310010
300120010
21100210
300040000
301002100
40003
11000221
20100031
100212001
10010200
120010102
2300002
11310100
22120
11013100
22110100
10302010
10011001
140110000
32000011
220012000
400010200
220011001
10120210
2100004
10210021
100010110
11100220
22021000
111400000
30001003
200000311
10000141
100303
2010040
33001000
210011002
4100011
303001
1000021
100020400
10100410
111210001
10001320
100011121
1020130
11104
310000111
200030200
30000310
210000001
200111011
10201201
30012001
1102201
100321
310011100
400001002
11100211
101020102
21010201
100112200
110410
2120020
103001110
121120000
2401000
220111
101310001
1200100
1103101
10004011
402010000
20020300
210002011
20000200
410101
201010021
102011101
1014010
21010012
200003200
21013000
310000120
3010111
103001020
12100021
202011010
2203
122101
11301001
201001120
301012
1033
302110000
210200002
220200001
102400000
101003110
111022
10112020
120100210
1000012
140000020
121110001
102200002
111001
12021010
10100131
120121000
101111101
11101111
1111
10100023
100221010
11030110
3100201
130111000
310010101
141000100
30001012
101010103
1210012
30011101
14000020
30013
10011040
1003102
200021110
103001101
302101
10400101
1032010
120020110
4020100
1400011
211101001
10121002
200400100
100120003
201120010
130000003
210200011
130012000
211201000
102300100
20110021
1102003
101010022
2210020
101020120
10001104
110010121
3120010
310000300
120200020
120000040
112210
1021030
1
211210000
120020020
211010020
3110110
420100
310210
1230001
1200013
20003011
101002030
10210
10010122
103111000
101410000
210020101
121012000
201100111
202012
221000020
101000041
100031101
10000312
212000011
110000311
220110001
21013
10002400
2001100
10330
13102
221020000
13000030
131000110
110003011
30001201
10011004
11011012
220030
100121002
312000001
120100003
21110011
101110111
201002101
100001311
104101
10201
30111001
30001021
1111030
102000112
110400010
110112001
100020211
114001
200031010
110000041
110110000
101121100
200100001
112101100
31300
1211101
30100000
110200030
10022200
201300010
2041000
1020001
2010004
23110000
140100100
211110100
100401010
100013002
10022020
200020111
200220100
100201003
10303
40000120
30000040
101032000
1140100
101110201
110300002
30001120
111012010
11012200
10330000
400100110
110001121
12400000
102022000
100001302
100140100
200202010
100102120
300220000
30021100
130000210
112100020
101012200
100030120
200020102
10200040
100013020
10420
10200130
40110100
200011201
101230000
2000200
104110
2010211
100010104
21022000
220000102
301010002
300102010
102103000
201200011
102130
1022110
20040010
420000100
120021010
120000220
100100131
101010310
220102
111002002
11101000
1004020
40000000
110101111
101301010
101101300
200102101
1001011
12120010
110011300
103000120
102220
22100011
13000012
110000110
140011
2202010
300000130
202002001
121111
1011013
120102001
14001100
112100110
100112101
110310100
300200110
20020030
103120000
201001300
31101100
100300012
10104010
13200100
21012010
102011011
1012102
121030000
101302000
12001030
10311001
100111030
3010000
100110100
302000200
100114000
100014100
200001400
120000211
100001011
101001001
21002011
10020220
10010203
13011100
30030100
2000122
200210110
301120
4001200
1301011
210121
120001
201130000
100011130
100030201
100003120
20100211
110101003
204000001
101112100
200101120
100042
40201000
1131010
1010410
21000400
2200210
21010210
210400000
100003300
201101200
203110
200022001
1010110
121001101
20210020
100311100
300000220
1131100
1012000
11100103
10011022
220100002
11210020
1200103
101110021
32010001
10003021
120000121
302010001
411010
111200110
100020112
111000202
40010200
130010101
300001003
100002220
100310110
32002
221000002
210200200
11002210
12101200
120010210
212010001
4000102
200010013
100002121
311200000
30002200
100011211
3101011
20032
10100110
10011112
304000000
212001010
13201000
30211
1110013
102220000
30120100
20202100
10110013
11010013
10301200
210040
300000121
210120010
101010031
1010011
24000100
310000003
31000000
101112001
4002010
201022
100000024
10221010
110041000
120000022
110011000
100010032
211002100
320100100
102101200
301102
100100122
110320000
31000012
20201200
1300021
1001041
300211000
201220000
10141
12200101
12000220
30100201
312000010
200203000
400020100
300101011
13010011
201030100
100130200
100100014
111210010
1003201
101021020
110210002
2101120
421000000
31003000
101300110
2003020
141001
201020020
2013100
100301101
110220100
31002010
300103000
110301010
102101020
20021011
120102010
202001020
1010032
121000120
100042000
1110112
120120010
121000003
310110010
301110001
210120100
2111200
10110301
1200211
1111111
13001200
2310001
120031
30301
120220
220000210
110000302
110011111
20011201
4100020
100031110
11010130
110012002
20004001
112110010
10101022
11001031
300001111
300001210
202001200
3101101
232
2100001
310300000
40101100
300012001
11020
10010302
21020101
22012
210300010
200101003
100111210
11111200
12021100
2210110
241000000
310000201
31021000
200022100
1113001
10020211
20021200
3010300
112111
111001210
21002002
21020020
31020001
30010012
20300101
201000031
102110101
11210011
11011
200140
310030000
22000300
10303000
30110011
200012200
113110000
23011000
201040
200110021
21020110
100101220
30310
100120102
132001
103300000
200040100
100111300
10131100
113101
10000411
1100230
21211000
102002020
211000201
1020211
101301001
110113000
111101110
400111
111001021
20120200
10203100
10200220
10122010
120300001
101400001
141010
111020002
11212000
1102012
202002010
22102000
40001110
220001101
41100100
20022100
102010300
100230100
12003100
31000120
1002013
1000300
1010101
112002010
311110000
32000002
121000111
130020001
200003011
20010031
3031000
103010020
13021000
13021
320000110
311000020
120200011
10021003
100012012
20012020
221000200
30011002
2011102
202120
113020
4020001
120013000
101300020
100210120
30022
20102002
120400
100110040
1221010
212200000
30002020
3000103
2000041
430
21201001
110022010
10031011
10020400
230000002
140011000
210020110
200000011
101000020
110230
11100010
22000120
20003020
221010010
102100000
112101010
111120010
10002202
4001011
4000021
400200100
220000021
100002100
100110220
1022020
10200004
312100000
132001000
10000330
13100011
101014
11302
10100032
12101020
102301000
100220200
110130100
113200
13210
110013001
113200000
10400020
111031
3201001
102301
11000002
2100211
1200112
20013100
20121100
102202000
101002000
100211200
100210021
1014001
123000010
30001030
112012000
11010100
2020102
2021101
2023000
101002111
4010020
103101001
1312000
210002101
12010000
3021001
10120
1302100
120300010
20032000
201021100
100230001
210100
200210020
11200000
201100120
311020000
300003010
110000113
110001013
21121000
10111102
12001
40210
11000011
10121020
132010000
200401000
102010003
11200003
10130110
30112000
100101301
31200100
10110121
100121101
1012120
40000300
23001010
400110100
11110300
4010110
12201001
211101010
101130001
1030
2100100
1003021
100300111
120000031
101000203
1130011
122110000
3103000
101003101
11113
1010302
1111201
222010000
310120000
101000011
1310110
110200
2001112
304000
20401
112001110
30010000
1303000
101301100
212100100
100011004
300021001
212020
110001301
230011000
120030001
111111100
2011201
100410001
420001
2310100
1033000
101022100
101100112
10100221
101100031
120100120
4200100
122001100
2410000
201003010
111210100
121003
11211001
101021002
302100001
301001101
201000130
101000014
200110012
20002030
231100
20022010
130000102
10000003
3200200
201102010
1020100
10011010
1002100
41000020
210110011
14010100
100222
111000022
101020012
1000042
20003110
100210003
20203
1040011
101203
201112
111004000
12022000
210000112
210010201
202010110
1112110
200100103
1301101
111100030
3111001
11003020
12030100
2200021
200400010
220300
320200
1110400
24000001
200002021
10023100
20010001
1012021
11041000
10110400
12010003
240100000
200020300
3100300
2003200
401020
401010010
102310000
100410100
111011101
130021000
111001120
20400001
103021
221200
11131000
200001022
40030000
300030100
400010110
30101020
3020002
111100120
1100302
12120100
1010221
1000321
20110201
1002022
33100000
110023000
210000031
202102000
200100013
202100110
104010010
111020020
111001102
12020200
1300102
113000011
202000201
111102100
1020400
11000032
120002101
3300100
100040101
210210010
1011022
102010210
31200001
11220010
400300000
411100000
30130000
21101110
201201010
101022010
21010102
110001001
300200020
201011110
312010
20110
12200200
130012
102000301
200002
104011
121011100
20410000
30110020
120011101
30101101
20020210
12100210
410020000
310200010
4101010
22012000
2100301
110031100
110004100
300000211
101010010
22001200
1000111
101002
121000012
320001100
130200010
101320000
102000220
102000121
2010013
110200210
2100010
4110100
20020
10240000
4021
122011
301020100
110000011
14100010
3400
140010010
2020000
22011010
12002011
10011310
21011002
20400100
1200400
301003000
310010110
20000122
11300200
21300010
210004
1100023
2210101
130001101
20010130
20212000
31021
1240
221101000
20001112
10140010
110010001
11200102
101210011
111301
120201001
330010000
23010100
110030020
20111101
2113000
12010012
300000031
101000302
11200030
12101101
10020013
312010000
200001121
201002110
22200010
1040200
1021120
1010212
23001100
200302000
110031010
2003002
204010
122010001
112000012
201200020
101020000
14000110
132000100
300020200
300020110
4000111
302100100
10101400
1120210
120012001
11140000
104200000
2031010
111000310
2201200
33000010
100300030
310020010
101010100
12010111
100000123
11001130
4001020
22210000
201200110
3022000
301101001
101010211
2004001
201022000
202001002
121300
130011010
300000301
300110200
110001112
30110110
1411
10012021
220120
12001012
10012
11004001
200201110
14200000
31012
11014
121001011
12030001
2100121
203000020
200023000
120003010
121010110
13100002
40000030
102130000
100004101
1122001
300001300
101110210
100301110
30000211
200022010
210100012
120101101
102211000
211000210
21011020
120202
12210001
101122
210100300
131010001
201101011
101121010
100001023
210002200
410001001
20002111
20010121
11014000
212002
13110010
30220000
300121000
101111020
10411
10102030
110002102
4001101
1202101
1000210
140101
110300200
400100101
120001000
101011111
200101201
100014010
110100040
412000000
20000203
201020110
100400002
100040002
110101
21000310
10001302
220200100
201030001
3000301
201000301
1002220
101010121
1211011
1101010
122000101
300100030
110021110
1030000
14110
210000013
101012101
100120201
21102100
10020040
1003012
101000230
2000221
10400011
2023
2211010
200000230
11100400
1100140
10111210
1302001
101130010
101020201
231010000
120031000
121010011
2110030
2001010
10202020
320000011
201010000
100203010
10033
100000240
10000102
11001022
200140000
30000103
2104000
11020000
121001200
110010112
10001011
2010202
200131000
3000400
100003210
13000021
21001201
21031
102010102
1000
13
31300000
111010300
110000401
121100110
4001110
21002200
120021001
10021201
1001032
10021000
110001004
1202002
122000110
100003030
100020121
11101210
12000013
111000103
103012
1001014
210110002
100020103
1130020
20001031
1001020
210031
140001010
110030200
2221000
200010010
1111210
12121
10000201
213000010
310210000
202000120
1400002
110121010
210101011
201020200
310102
203000002
13111000
120021100
221100001
20001013
33001
111100021
122010010
11112010
11021101
1210102
300100300
101030011
400300
11100031
101021101
101111110
110212000
102013000
1012111
1011040
20210011
10111111
210001021
14020000
11011030
31000102
111101200
100110121
1023001
131001100
2101111
10130020
10302100
110012011
202011100
30101011
201202000
1110022
1021210
10102201
30000022
102100003
13210000
100200004
11031010
3102001
1002103
1101031
110041
200000212
2030020
301021
111020200
10103020
203020000
30000400
130110001
101004010
11031100
220
1312
401000110
120030010
300003100
103100002
100112002
12000022
210000040
110102110
100301011
11100202
11010103
100201012
2311
10200010
113011000
120200101
130100011
200003002
3001012
11100040
102112
21001210
131000020
310100002
120020011
110010400
101120101
201101101
103120
110020210
10020031
201301
30110101
1210003
11011210
41001001
10102012
31020010
10120120
202030000
31100011
112120
11011003
112021
20020012
1300012
31100002
12310000
11032000
212011
20013001
4030000
101300200
12103000
130100002
120010000
31010002
31101010
20000011
2101000
100010041
10114
3022
12103
200111002
111011011
22010110
12000130
101040001
30112
1110211
310100011
40100020
300110011
201011002
200020201
1201000
110300020
310101100
40100101
121011010
100104100
112011010
10001002
120004000
131100001
103003
100010023
100021102
113100100
24100
202201
30003010
20221000
112020010
20200201
200010100
2140000
102001000
223000000
110300011
210022000
300031000
310020100
2010001
201000400
100240000
11030020
101100310
10022011
100021300
1123
10110130
31010200
41001010
3011002
200130001
200101
11011102
4101001
1011301
110021200
202100020
100100002
120400000
10411000
30111100
1010104
10020112
30400
1210
10102102
100001410
20000110
101000131
300100210
211300
10010041
100003000
10101010
1120201
121002100
20202001
11002012
10000300
200110102
21030001
20001022
10113001
10401010
100010203
201102001
410000110
300300100
20030002
210012100
2011000
112010020
11040001
110011021
102021001
222000010
400011010
20000014
4010002
10121200
130000120
121020100
10130200
12003010
210300100
3010120
1012300
20100004
22100020
111010210
210021001
30020101
210000202
103100020
11140
101100022
21100021
2100013
1000312
100132
130003000
20000230
100002040
113010001
1200301
200310001
201100201
30200110
30040000
121010020
120110002
202002100
311010100
202030
101000122
11201011
2200102
100330000
30011110
20004100
102011002
2000014
12101002
11220001
210011020
1300003
1301110
40030
100023010
120020200
210001000
311100010
10100311
13000102
210100210
110210011
10212100
321000010
30000112
4011100
100020130
11120002
100010410
22000210
11010040
113002000
310110100
300101110
201002200
103011001
32001001
2102011
111110200
201211000
201004000
3001102
110100103
200011210
110100211
20100310
2010310
103010002
100024000
111310
402001000
120040000
200002300
110003020
2200300
1101121
2200201
100100020
10022002
111012001
120001012
20112010
20001100
1003111
100210300
101021011
42001000
1300201
210211000
110140000
100022200
3000031
121102
101200021
10010221
410010001
21130000
100202101
211001002
32010010
211001101
101023
222010
210103000
101200300
2040100
100200100
100140010
30010003
101000104
101110102
112020100
402000010
101110003
200001013
2100022
100411000
114000001
1001221
100202002
200021101
20000221
140110
11201101
130001110
301000030
311000002
100030111
210003100
10022110
101401
1102120
101020210
103000000
212011000
220102000
40102000
101011210
10021102
10021012
2110201
100102
1113100
110100400
20020021
110000200
200101111
301200010
110400100
13111
210010
301011100
102111001
1401100
2401
101102020
310012000
41020000
4000003
40001002
230002000
211030
100020031
1201300
102002200
101001220
200100211
110003200
400002100
100003111
400000210
11110000
4030
100030030
20011000
100110202
12202
121200100
10022101
4011001
231001000
3200101
111200011
100100221
322
10000303
100032100
30010
212001001
302000101
100010131
121000
100110013
40000012
102012001
1020220
2020201
120101110
121100200
121100020
200111110
102110002
130201
111102010
101020
20100010
220001110
310100020
210001300
103101100
1011100
1002010
1012012
410100001
102020200
200113
104200
200410000
301010020
102001210
100123000
20104
21211
1011310
300110002
20010100
3020200
100212010
30001
12002200
20220001
100004011
11021200
10201111
14110000
131010100
200110000
200120020
402010
110040010
2400100
1200121
1020022
10001410
1210300
31000021
1002310
200110210
112001020
42100000
210040000
210030010
111202000
200104
220003000
300011002
100001110
10024000
1230010
30000130
201100030
100300
122020
10101220
200111020
100400020
32011
200121001
201101002
2001220
100001203
2120110
20021101
130000111
113000200
102101101
20100103
1120030
22111000
30000013
20110000
204000010
102101011
110120101
10003210
410000002
302001010
120201010
111111010
101000221
201000013
2000140
102400
1021201
13200001
21022
300200101
300110101
101021200
100200121
110210110
200230000
10030003
300002200
100101400
11101012
201110200
11020003
34
112002100
21000001
20011102
2200003
2030011
202000021
100131001
1001200
1100101
1030120
20020000
200030020
111110110
12101110
1114
100211002
1141
101100121
20200300
210000121
10000114
101300011
3000004
320020000
410000011
1204
12011110
110022001
201110110
12100003
140200
310003000
301000000
200300101
400100011
20001103
1012003
11002111
110010010
400012
10100302
100000411
102011110
100100110
100022020
23110
200001031
201012001
14011
212002000
200011102
34000
110120002
100011220
40101001
3210001
2001301
100024
110100220
2400010
2021002
313000000
4000300
100400110
201310
100020310
111040
31001002
110020102
302000020
2002003
100101121
100002400
1003
1212001
201001021
230011
100001122
210121000
200110003
200110111
110012110
101001112
11000410
221101
410000101
3000130
111301000
100110400
11002000
100110211
100010002
1420
122011000
210002002
30000121
2021110
4100110
111000004
12001210
10002103
12100120
10210012
3021100
1003030
100002202
10010101
101001202
31011001
230000110
302200000
110030002
301001200
300210001
12004
410000020
110130001
41002
22201000
10010014
40001101
13020001
120010012
240000010
200001100
2032000
101001130
1220011
100121200
101230
101100202
300111001
111011110
200112100
110002210
100103011
110201002
10100122
12300100
133000
300210010
200020
1040020
1140001
120000004
100031002
11003002
11000200
20210200
1203010
100000033
303010
111201001
10021021
21021001
300202000
13110100
100031011
100002001
210020002
22111
1041010
12100012
103201
21003001
130002100
300101200
100112110
1013110
101100001
320010001
300000310
10012300
4000201
10210201
10111021
10000030
201210100
3110200
100000312
120103
101001013
100120000
32100100
110040100
300012100
211110010
200001040
102000010
1202020
3300001
200211001
12040
110220001
213001
203000011
31111
101120002
2020
10211011
104001100
1110100
1000213
102022
12110200
1110040
20400010
213001000
100300003
30001300
101003200
11103010
1011031
10201000
20010202
1002400
203002000
300200002
30000100
110000203
110000212
210022
10030
1211200
310020001
2201110
202000012
100200400
311002
11102020
24000010
300013000
4012000
101101003
100101013
10132000
100100203
200200201
10100101
22030000
400012000
200001310
3111010
201102100
12000103
20200012
10020301
210202
240010000
40011100
130100110
100200040
200200021
401010100
310102000
101102110
111201010
3010012
11101102
10002022
20320000
201103000
100000330
100202020
300100021
1031101
11200021
120111010
33010
100010113
110202001
1320010
4300000
100030021
100000210
303001000
10300030
400200010
30001111
41000011
11110021
210011110
300102001
20002
311010010
200001112
301010110
112110100
41110
21110110
211010101
1000303
24001000
10001200
103010110
40201
121002010
2010112
12111010
12011101
20021020
100011103
3112000
1222000
10130002
221002
22011001
1111102
40000201
22110010
103000111
110410000
200000221
200103010
1402000
20101012
103000003
202201000
1010041
10110040
320011000
203101000
110111200
20001010
200014
112010002
21000130
10010032
210010111
120002002
102200110
1004110
40102
10001014
1001401
130120
10021300
4020010
104001001
132000001
20301010
300001201
1100212
110122
201210001
200010202
1100020
300100111
310100101
120000400
102002110
100213000
112001200
10020001
200001001
1200022
21010000
2230000
3011020
320110
103000
101001010
10201300
11202100
321100000
10031110
120000310
10011211
301020010
1203100
200014000
100000111
111000220
100102201
110200102
210000010
41020
4000210
101101030
4101100
203101
111010012
310
100102102
21301000
110200111
110012200
1111000
110130010
3130
11200300
1210000
113002
113010100
301100110
200221000
103000012
200120200
1030012
300010111
200020012
110102200
100000213
10023010
112020001
21101101
10000000
110011003
200102110
100211011
111000121
210200020
200003020
100040020
10112011
102202
11011120
20001400
200121100
102001030
301002010
124
30012100
30031
12201100
10031200
400021
210000211
11101030
100113010
100104001
111001201
110201020
11101201
40010011
203000101
130100020
20000410
223
101311
1411000
103020100
1140010
20200030
120100030
210200101
110001130
200000113
11104000
241
100101031
121001020
100101100
100101010
100020301
202300000
401000002
220101010
20031100
4021000
1122010
10010140
130201000
201100300
100011010
200001301
1101130
210010030
120101200
3400000
320002000
140001100
31030000
200200000
120200002
101202010
11110012
101110030
10410100
2021011
2002021
1000102
13000111
100303000
300022000
21200002
10121101
1020004
231000010
200002111
103200100
121
10310002
12211
10102021
240001000
300010003
20002000
201100003
201120100
211000000
311000110
210000400
11001010
10220101
10103101
43
1102210
210013000
200010400
4120000
2003101
23101
102100210
210210100
200110120
211002010
11011300
40010020
410002000
312001000
2001103
100310002
10000321
211111
111010102
10002031
21011200
102200011
102030010
112102000
2101300
31000210
104000101
102003010
10103011
10004002
101101201
120101020
101401000
103002100
101000113
113110
211003
200100112
1112101
301111000
101013100
100220110
100100032
200041
400
120210010
100003102
112003
14002
420000010
121010101
103210000
3001030
12220
1101040
111000001
21001120
110001022
200000110
2212000
1120120
211111000
22001110
104001010
11020210
110112010
10204000
101302
211300000
300300010
400010101
211110001
400011001
100110022
12200011
1212100
10230001
102100120
110100004
101202100
200101300
110001040
2020030
212110
1010023
30100120
10000042
14001001
111310000
30010120
114001000
101000410
100020013
2130010
321001
400010011
201010120
2110003
112000120
11310010
11010112
20200003
110011120
100300021
100020202
10011301
110310001
102001300
401011
100021120
101013010
313
33000001
300301000
210100030
210200110
11020102
101101102
21011101
110010202
