410000100
20020101
100103001
11021010
112011
120120
10210011
40010010
40010100
101010030
20010120
100000104
103002
122001
11002011
20210001
10002030
11010000
10021200
101021010
100103010
1103001
320001000
10130001
1110120
11031
2210010
211000002
10230000
30100200
102010101
101000310
10041
20022000
210010110
101030100
10010121
20003010
20000022
100100130
200021001
100011021
22100001
10400001
1121001
110100030
30002010
120002010
20000121
102111
103011
10201011
10101021
10020201
201000102
200100102
103010100
300100020
200001120
101300010
2040000
101020101
12021000
110100012
1022010
140000010
30001110
210200001
1301100
230100
211200
113010
1014
22000200
211000011
200030001
200002002
100110030
3100002
1002012
110301000
100101300
1003020
100210011
1000032
1012110
10300002
30003
3111
20000001
2001000
101003100
100022001
110001000
10000200
10010100
12110100
401100
203001
10401
30120000
20000220
200000121
111010002
10002210
2003001
11000010
1210002
11001000
230000100
330
20111010
10000101
2010201
220011
220200000
103011000
31100001
100201101
30021
1002
1000212
220110
303000000
212001000
4110000
12111000
20013000
300010020
121020
1013001
10101201
20030100
1200003
1003011
111000210
20100000
20220000
110310000
30
110000022
100104
23010000
210020100
200001300
200110200
103100010
103020000
110200002
11300100
111200100
10110210
22000020
100100004
100021101
401010000
130001100
30020100
21010200
21110001
100401
1041
200200020
10000302
101012010
100310010
100302
3012
11022
200200011
200013000
110030100
300101001
1220100
11102001
1002102
20200101
100002030
100000032
2012010
100200021
100110012
10100220
22002000
202000101
111012000
110012010
103100001
103200
410010000
20001030
101010003
2010030
100120011
20010021
32010
131001
122010000
202001100
121000110
110010111
10002300
102000021
10100001
21000210
12102
1002021
202000110
202010001
101001210
111102
10103010
1012020
1100301
10020120
400200000
210000003
21100200
1031010
2001012
40011
300000030
32001000
20011200
31100010
2002011
1130010
100102011
111200010
240000000
311100000
220011000
131000010
100104000
10111020
11002020
201012
201021
112000011
100320000
200002011
110000220
103100100
200210001
10102011
10101210
1010001
2120001
20100201
110110200
211100001
10000113
200010
204000
1102200
211200000
201000300
120001002
202100010
102002010
101000004
220002
301002000
300200100
110010030
110011011
3210000
120030
10311000
100011201
2002110
200100
12030000
4101000
1000311
100101
31002
400110000
400101000
122000010
200110110
20011011
2020002
100200
11002200
12300000
10200000
20200110
200003001
11111100
1000122
11000400
100000401
10000023
3
102020001
1111002
102300
31000020
20001000
10000410
2003010
101000121
10200012
10012020
201300000
3000300
200200002
21012000
310200
10014
20110002
2001111
212001
21111
12020001
211020000
100200030
100011003
1300200
2110101
101310
120101010
2022000
1030101
1000401
2310
4001010
1004100
203100
100201011
1212
22101000
30100110
120001200
100001100
121002
1100013
210102000
20102010
100002120
2101200
130002
1001202
14000010
1022100
130000110
400100100
100011210
11211
101020200
1000203
101100120
12012
20120001
210111000
100020300
100012002
10000002
102001002
13100010
11111001
1032000
101103
220101000
121011000
200000100
110101200
21010002
210110001
10221
300111000
100030110
111120
111200001
1200012
13110
1311
200200101
30012000
20000103
10001103
201020001
200202
120102
12002001
13020
100030002
30001002
20011101
2010003
101000112
300210
2220
1211001
2003100
2011020
40020000
40101000
20100300
120200010
10001013
2202000
312000
11012001
110011020
10000212
101011020
102003
11202000
11030001
11400000
20210100
1111101
100311
1040010
100000320
101010300
10302
12000000
3001002
2101002
11200200
11102100
221000001
30010002
200120001
200022
101100210
111000102
21200001
31020000
112000002
210101001
22200
1010400
10203
2000004
20001021
102100101
202001001
12100020
300102
100010301
112020000
200102010
1000200
112010001
101201001
10010004
300110001
110011002
220020000
10201110
100300011
10040100
201012000
111100200
101030010
101101002
101011101
200013
100100031
100410000
110030001
1140000
110000301
301110
10000011
4000011
1201020
11000004
120003
103101
301000002
100002000
110011200
110102010
1104000
102000210
2211
320000100
100004010
11010003
200101002
2010111
300000003
130001010
300010002
3012000
100012011
101021100
201020100
23001000
300000
200020002
220001001
100000020
201100020
4011000
102201000
1202010
1001001
130000011
103000200
11000211
130011
21201
120011100
200101110
110001003
20001012
10112100
3000012
10100400
21210
11000202
13000011
120100200
100211100
3300
21100002
201030
202200000
210100020
20200011
2020200
1110201
20103000
20010300
30002001
1003200
122010
20100102
113100000
21000030
200030010
4000002
201000003
311100
101012100
102011001
222000000
330000
200010111
102002100
310002
10000230
210000102
23010
3210
2102001
200002101
201100110
100001121
123000
11010
12001002
201101100
101120100
1040100
2101101
10102002
10220100
200000400
201100200
3100020
101031000
200211
110120010
101002110
1111011
121000200
10003020
41000010
30011001
21101010
21100101
1101012
2100021
10032
10103001
11100201
100003020
1110003
110400
11200002
11121
100004001
110000100
111100002
100111011
301011
110021010
100002210
1001010
300300000
300000111
100000140
20110110
22100010
10020021
42000000
110021100
20000004
213000
200121
11100012
10002102
210012
221100000
31000101
100000113
112200
21000012
10010031
120100002
11112000
101101020
420000
100220100
11301
200001021
11020002
111000300
300100002
200022000
210010101
300001002
301100100
10120002
200100021
100012101
111000000
120210000
300100011
141000
1002030
101000220
1103010
101210001
10100301
301020000
200000040
10011111
100001211
310020
100201002
111001020
10102101
300003000
202020000
120010101
111101100
10111101
4101
10100103
11000112
1201101
20101101
3021000
1112010
210000201
10010400
200010201
110021001
130200000
102300000
20012010
130000020
120200100
100211010
302000010
201000030
210012000
200000202
1120011
10013001
102100110
2002002
402
10100040
11004000
12000201
300030000
302000001
11110011
2001102
1001100
301101
101010000
101004000
100020120
401000100
1100130
12000021
11002101
12001110
30020001
200112000
1212000
100110201
100012020
12000300
103000002
30101001
100202001
110100102
12010110
10210020
102000111
110010000
10020030
10031100
1000101
1100103
13000002
13011000
111210000
100121100
21
100111020
1000023
120000
110010021
1320000
100210020
130101000
103110000
20310000
41001000
111003
10000014
11013
10101
40110000
21111000
201011001
300021
100020102
10013010
10011012
103200000
30100002
120000201
110101020
102200010
1200
102001110
10101030
1401000
11200011
40110
21000102
1020000
101003010
1000113
100003200
201200001
11101002
12010101
2102010
2001
12011001
30003000
110103000
130100001
100010100
24000
100021020
10000122
2100201
210011100
113000001
300003
10301010
201000210
24000000
22000002
200020110
100110
140010
10002201
131000100
10121100
200120100
310110
1012002
13001001
100012110
100210200
130020
11201001
100200102
11010021
300200010
110101011
101000100
2000001
100102200
201003
31101000
100100100
111000021
22010010
100010130
100010103
10021002
113010000
2301000
1301010
301020
13010001
20201001
12100101
100100103
310001001
10000320
1020300
2000103
101000040
101000001
20100210
101120001
2010
12010200
11001210
10210200
1100031
30000300
100310100
110003010
200001111
1002111
102000102
23000100
200021100
2001120
100001001
11202
21001200
102003000
10023000
112100001
1010211
101121
10020
100400001
12200100
121200000
110000040
101110020
110010102
3120000
101001012
1110021
12002100
1410
201100101
101210010
101013
101100201
2210100
103001001
1101300
110130
10103100
11001003
101130000
2020101
102000120
22101
41001
11001300
40020
100001022
130000101
31000200
110000130
210000021
1300101
11300001
1202001
400011000
221010
1310010
110100201
1203
400002000
200201100
30000
21020100
11110101
1020111
10004010
100011111
10100130
10031001
130000200
10003011
201200100
2002020
102001020
22110
1010022
310101000
100302000
10300011
30111
301010001
111010011
402000
100010022
211000200
23000010
22110000
10301100
3000120
14000001
10010112
100101012
11200101
1010004
112100010
100102101
1120101
10101000
203010
1410000
201120000
300001020
20002002
110000103
200110002
10130100
20004
321
1100001
110211000
20021100
10021110
200003100
2111010
111101001
110001012
1023000
311001000
112000110
200100003
120000210
10001130
10110003
102011010
2000301
2011101
201111
11011002
100000311
10011030
201
11011020
11101020
1100211
320010000
30011100
200010030
20010102
20120100
11100
210100110
10131000
101121000
100110210
12003000
200000130
11112
110022
101301
42
10320000
10030101
100000410
10111011
101200110
20202
110001
21000021
30021000
110020110
1110030
200101020
100120020
100110120
1100010
10202010
301000011
130010001
20004000
100002111
3001200
101010021
301000200
210201
200211000
11101110
11002002
1102011
1100040
11000121
100130001
100020210
130000002
401001000
311000100
31000011
200121000
100014000
10021020
310000002
100203000
200004000
110002020
1021110
20100120
410010
1102020
33000000
321000000
13020000
21001110
120010110
100112010
2012001
202200
100221
21000003
200200200
21010020
100011030
3102000
210003
20031
111002001
10410000
31010010
102010110
1011003
100030200
1310100
100032000
100011102
2010300
401010
11200020
221001
200020020
110010003
100000023
101220000
100102110
120001110
121101000
201110010
102021000
100020021
1110012
10113
10121010
212000001
200300001
30101010
101210100
140100
200001
110031
110004
114000000
10401000
201101010
20001201
100010211
100201020
200310
400001100
210001110
100200111
100101111
2300001
1003002
1010310
201000111
300020001
100000230
20011020
201001101
13101
104100000
310100100
100002003
4100001
212010
10310001
211000020
120101001
2101020
100002
21021
13010010
200130000
10001112
100011000
101001300
101102010
20021001
111110010
11011110
101010012
110030010
110000121
201100002
200010021
101011110
101022
201000012
200102001
420000000
220000002
310110000
121001100
120010011
3101100
11003010
1012011
320000010
20031000
120000012
103020
110040
100014
10110
11013000
20001111
300001101
1131000
120300
202020
121010010
3000102
220200
121000020
30001011
111010200
201010110
3010200
11100102
40000002
12000030
31001100
202110
10140
112002
10002111
200010120
12200001
3000003
31000002
10010103
200012001
24
21020001
1000041
140000100
220010100
210200100
20000211
200000022
21201000
11120100
301002
121200
101220
220002000
30010110
110011110
12120000
200201001
10002000
3010101
2301
1200021
120300000
100030020
110112000
10110111
202101000
110022000
100000110
1210011
4020
231
120012000
20002110
101011002
23000001
200400
1400100
101202
202001010
30000201
30000021
104010
10110012
121100100
10101300
100001010
21000201
121002000
13000110
110000031
100010031
110201001
12001200
11100210
1101102
301101000
120002001
1140
1203000
210000
100010010
120
22020000
122001000
4110
101110200
21021000
200100120
201300
200100210
120000003
203100000
200101200
200000013
100101000
12102000
100001031
10004001
111102000
120000120
10001301
410001000
20101002
1010103
1002120
10410
21011100
13000101
4000020
1102110
22020
1103100
110010201
1000104
100100112
10100031
10211010
102030
111020010
30101100
210100101
21120000
110020101
10003200
20000013
110210010
11000040
230000010
13110000
111100101
3201000
2000130
400101
20100030
200003010
32001
20220
30201
4000101
1011102
221000100
20300100
20100003
300100110
211100100
10011000
1011111
11301000
1220001
320100000
310000011
112001010
111030
101030001
10100211
2100111
2020110
1011021
113001
12110001
300000012
10101111
1200111
2112000
100122
13011
10200102
10010040
10000311
200000031
21003000
201111000
20100111
110002110
110002011
100001310
10010022
1113000
10011201
20001
10110102
2112
22001010
101111010
3100011
2110200
210120
4002
10211100
20002101
21101100
101110110
10112010
221010000
131001000
202110000
100300020
20003100
30000210
100012200
1040001
11010120
1220010
122100000
210101010
210100011
211002
1013010
1010301
204000000
200011110
1101111
21000111
10302000
102100002
100010121
120000000
110300100
110101002
1311000
132
10200030
120020100
20000310
2010120
230100000
300120000
300030
2000022
1001211
10030200
201010200
102120000
2011200
20130
2130
140100000
120010200
210002100
14100
12101010
100102020
20000130
110102100
300011100
21000000
22200000
210010200
21102000
100003011
101300001
12030
1120002
100001004
111120000
10111200
100221000
2001201
100212
100010112
2001021
100140
140001000
220100001
210000120
20010201
1302000
1001310
11100120
110301
3011100
110111100
20020200
211100010
100000011
2010012
13101000
30010020
2121
1001301
130110000
30100101
100001112
1300011
2000100
2103
200210100
12000102
120003000
202010100
110200020
201001011
10100004
10001004
111000030
100031100
20000112
100000101
1130100
10200021
10100121
10310100
100300101
200002020
100111110
2001003
10100022
41010000
110100003
3000201
201210
10212
10010013
212000010
20020011
11121000
4001100
200100201
13002
301001010
110002101
200111010
111021000
11000220
2201001
100021200
1000020
402000000
13000200
300101010
100041000
200011200
21100020
20110011
1102002
40002000
100030101
110002200
210001200
120001101
411
410000001
10000041
1110111
102100200
101000031
1020210
10001310
12101100
210210
31020
2031
1001022
10031010
114
10002012
112101
220000011
202000020
300100200
2030001
1122000
320100
120010020
1200102
300000300
20201100
211101
21300
101001
11011011
121020000
200001210
2201010
1002000
21102
21200010
121001001
201102
1200201
200100030
200010300
300000120
100000212
1300110
3010110
310000020
120002100
1000110
12120
10022001
301001001
300201
40000101
3111000
300020010
120020001
300000210
1201110
1210020
111210
10101102
10022010
200202000
41000100
101101110
2220000
2000202
2000121
100011300
102001200
11003001
112010100
130100100
100200003
130010010
10011300
111010110
112000200
11103000
11110200
30000012
1221000
10110300
10001100
1000221
1100400
111000012
1320
11012100
302000100
200300010
30030
100113000
1000302
1021200
112010010
1010121
312000000
111111000
200100000
10001400
2300100
100230
10120110
101020011
100120002
100102002
100010004
111000003
12000111
120000021
300110010
11120001
4001001
211002000
100031010
11022000
12001101
20001003
101001021
100100400
1030020
20301
220000110
13002000
201210000
33000
300020100
10002120
310020000
20030010
110110020
11300010
10102200
211001100
20111100
10012110
11200110
200100012
11210100
400001010
32000001
2000112
310101
301200
100100220
20010
11010012
111003000
210100200
400010001
300010011
21110100
200000112
102201
201010020
1000230
12201000
311001
11030010
1120110
110300010
200000004
100400100
20112
210010002
11040000
300001011
11100300
101100111
2102100
11011200
101021001
11012010
11011101
102102
210000300
30010011
21011010
4000110
1210110
101100012
11001021
2010021
210100002
101110002
122100
110120001
110121
201030000
10200210
110010012
202002000
200020101
300002001
1020003
111011001
11001201
1022001
111002100
210020001
30001101
102010020
220020
121011
2202
10111110
1200120
101202000
3100200
400000020
40000110
200301000
110031000
30011010
300002100
14001000
1001220
103110
100100022
12201
10010220
2200011
1000002
113000100
101400000
10300101
30300
110101101
2100030
10130010
4200
40000011
1230000
30120
101120010
30210000
111201000
101002002
2210001
10012002
30000003
401100000
1011210
1130001
2030010
14000100
320000001
301011000
200100300
100000200
10001220
2111100
1120020
211001001
101012001
21002001
10110201
12002010
20020002
3100101
1030110
201000021
2004
11100021
20120010
102012
10001040
100000131
11220000
2200002
2001030
1131
20310
1021101
30010101
111111
12210
2000310
1011300
100113
10210002
212010000
110010300
200001030
101002011
1111020
21000
210003000
111101010
3002100
1031001
103002000
210001020
100000002
102101001
1100202
211001010
10300200
110001030
3110010
111021
40001001
20012001
10203000
21210000
121100010
200111001
2031000
1211010
102200100
100120110
121110000
310000101
10300110
100003002
101110011
100001220
202002
11021001
2021001
20001120
400200
30102
1401
204
21200100
110100021
102111000
300101100
200000001
210102
1100310
110310
200400000
120021000
100131000
102110010
100100202
213
100100040
14100000
210120000
10030002
100112100
2200101
130110
1030002
220101
112200000
400100010
100040100
110000202
111011010
200102100
110100
100010013
100041
20103
30111000
203001000
20201010
100301010
200001000
10000032
100020012
112110000
10011210
10000221
231000
20010012
30030000
111020100
100210002
100001202
110100210
112020
111000120
102000003
112011000
200000211
101100000
13100100
100203
30000030
113001000
1100121
1101021
300011010
20110200
102000201
111001011
21001002
300110100
11100003
102100020
130101
11001111
20102001
130002000
301000101
120201000
1030011
10400010
11101200
132000
100201200
11020020
300102000
100000203
111000
201001020
101010
2100102
310011000
3000111
4002000
201001200
201002001
100110102
100310001
10131
112000101
100200300
110020011
20101200
110001210
101000010
10104
11220
111001200
20010030
100000221
10100202
12101001
301000110
201110001
201021000
2000220
410100
200310000
100020111
211110
11020110
10102020
10010202
211110000
300300
200110101
101200002
10120200
20100021
30200100
130001001
210001101
1030200
10200201
100020201
12010020
302010000
13000020
300021000
10002003
2111001
100301001
3000
101112000
200001012
20300001
321000
100002012
1010040
10000401
3010020
22011000
22010100
121001010
100201110
20010003
10003110
11010210
120201
2020011
101000211
10120011
3120
1122
11000001
10121001
121000101
2200200
100100310
110101110
110020002
100021110
2100300
1001103
1101210
31200000
221001000
10020300
200110011
100122000
11031000
212100000
12100200
300000021
10221000
201200010
11000103
21020010
1002201
210210000
100101003
1003101
10011
2013
10003002
100001400
20000031
21100110
102000012
104100
3021
10100100
11001102
11020200
12010011
311010000
20130000
110040000
20002020
11211000
2002200
1021011
211000110
300
2211000
10021101
11001012
400000200
30200010
41100
10011003
2000031
22002
300200001
300012000
100010001
12110010
12001011
131010000
103001010
3003
320010
100131
1010031
20301000
111100020
110110002
100110000
1032
101013000
1001130
211010010
201001002
101001120
100120101
101200200
200004
231000000
130011000
3030000
200021010
20000010
100011120
101112
100010040
100401000
30010200
220010001
400001001
200000301
100110003
303000
200110020
10111002
10010001
10101003
1002300
1013100
10010301
10010130
211010001
1041000
210030
10112001
211010100
2200020
101002200
202101
112001001
21011001
31001001
310001010
100003101
11100111
10000110
100100211
100022010
10012011
10011021
112002000
120011010
301100010
4000200
200130
10320
210020010
20101020
1211100
101011200
31011
100010202
310002000
210110100
101100030
200200110
20010000
10012200
1101120
120100011
20000400
100101021
42000
2100012
201000000
103000101
20112000
11130
101300100
3100110
230001
1021020
122000001
3102
10030011
200001003
13100001
1011000
1020021
220001100
20012100
110111010
2110110
302010
40000200
20001102
100020
100211001
111201
100101201
121100001
210011001
4010010
21101001
2013000
202011
112001100
200020200
220010010
300010101
100001013
20102100
20121
104001
110010
310010001
10104000
303
141
120210
21010101
2121000
4010001
101101011
420
11000013
12300
1120200
311000001
22001100
10030020
30002100
200040
1400001
1110210
1020120
310000110
13001100
100020000
10110030
110000001
1200300
230010000
40011000
110003001
1001013
1101000
100110021
141000000
200020011
222000
101000202
1000131
1310001
120110010
3011001
2011011
1210200
101040
21002100
200010210
1100100
101100300
3101010
400110
113100
11020011
3000030
200031000
20030001
110012100
111000201
110210001
10012101
400000011
400000101
100111200
1221
1020030
103010001
120110100
20111001
10122000
30012
110012001
210300
100013010
120100110
20110101
101201100
102110100
1101003
101102100
10101120
10021011
30001020
240000
23100
11210001
21001011
220000101
111110100
21100011
1001400
300120
11002110
10020012
111001101
101100102
22011
213000000
110200200
101211000
1003110
200210010
310011
131000001
100311000
110000310
10001211
20210010
200011002
101000400
14010000
103000011
20211000
120100101
30000120
200000010
1021002
123000000
100000122
11201100
10200
11101011
1201002
11001120
10020102
104010000
110120100
101101200
300012
31101
1101
120120000
11100000
3001101
101000130
1011201
110100120
30000111
211011000
31010100
110001102
11030100
310200000
3020001
211011
20013
2101110
23001
230000001
200300100
200002200
10000020
210000012
10110000
10120020
21001020
120012
21000300
2011002
1002210
31002000
30110100
10032000
11101101
122000100
110100111
111
200112
10201002
40010001
12003
2100210
203010000
100030011
111300
1111110
201010011
2011110
20020110
40002
400000002
301200000
103101000
20202000
110200110
200100111
100013001
301001100
202000011
210001011
10200120
21012
1020201
210201000
30020010
100140000
210000210
4020000
104001000
200201010
300100101
201010002
100400010
11001030
2100000
201020010
1010112
1301001
302100
11000031
20400000
200103000
10020003
110003100
11110020
1002003
10001001
10230
131100000
220110000
110130000
210010020
110110110
100212000
110103
110211
12000003
110200011
21010110
10010211
1000320
100100010
111002010
400010100
102030000
200030100
121010001
201000201
101001102
110100000
100001040
301100001
3000210
1001004
13001010
100300200
110111001
202100100
210300000
112101000
10030110
31010001
1121010
10120101
230001000
310000200
210010011
2300010
2200110
103010010
101130
202100001
14010
210000000
300000000
300001110
22000110
101103000
20001210
130100010
220100010
31100100
11010030
10202001
100120200
240
32010000
100023000
100020003
100002300
11021100
102102000
10140000
10013100
1121100
2020020
4100100
10210101
10113000
102210000
2010210
200120010
40101
21120
40200000
300001200
120001020
100000302
1100022
1020012
1011012
21300000
20011110
10014000
1000410
12100110
11000100
400100001
300111
100110300
1110000
102002001
10122
311010
211020
310001100
32000100
300010200
201102000
20000301
102101100
200010012
2120010
10211001
22001001
100101030
11020101
1230
2000013
10301001
302100000
211000101
110004000
110010120
101110101
201010101
10001031
12111
1104
40000020
20020020
110002002
10011120
120110001
12100002
12
210
11000130
12010002
102000030
101001000
3002001
4011
110102001
210011010
100000014
111100011
3010011
201002010
100011012
1031100
102001011
1010013
20000040
1014000
101100
100121001
11000301
11130000
102010200
100101120
101004
210021
100010400
111010020
111100110
201000120
100410
20400
111110001
102012000
400000110
310100010
40100100
11400
110000211
11110002
100320
120021
3000000
1011120
2010102
100121010
10002
21001101
21030000
123
411000000
220100100
100300002
20003001
12020100
101000013
100200120
220000200
31110000
202000200
30102000
300000201
2021100
1112001
10001022
30201000
201201000
200001201
200220
100023
11102010
400020000
2101011
100202100
31200
312
1202100
3001110
200101011
101022000
3010002
101000103
3101001
101201010
4100010
102000
2040
14001
110202000
10200300
100301100
200000103
110112
12021
401001
10311
3003000
111011100
210200010
110300001
1001112
200301
10040010
23100000
120001011
110000013
201011010
4010100
101200011
101031
220000020
102000000
120100020
11310000
100100301
10023
112000020
121010100
101001201
201000
100200201
311000010
102200001
2000010
100220010
3201
10001202
102011100
201001110
210021000
10201200
2100120
100021011
110013
130020000
1110300
20110020
101100003
11201010
201201
1101201
12000120
100002102
32100000
30001200
110000004
100022100
200101101
410001
130010100
10200111
300002010
100002021
10010010
1200210
41100000
101020002
201120
101102001
212000100
10041000
100111002
112110
2001210
1101030
12012000
10310010
11103
101200101
3001020
2110011
120111
3200001
201002100
220001010
203000100
10200003
33
200001102
104000100
101001030
1012200
121101
111001002
12001020
20040000
200002110
20011002
200011101
1113
100004100
102020010
12100011
110220
100200000
100001103
110000112
11310
12000012
100230000
101111100
2030100
111020001
10201020
212100
2400
121000011
10003101
20000202
210110010
101020110
1010100
12200010
10100112
100112001
210030000
210000030
22000011
101040000
30110010
101101101
210101100
110001300
3200100
100101210
1110102
40001100
110220000
3110100
11111010
2100
1001031
0
310100001
201100011
100110111
2110002
1012101
11010201
310010100
111001110
110020200
2000400
130200
100001301
110201010
2010000
100010220
401000001
12011100
21010011
101002101
100130100
1400010
120020010
101003001
302001
1011
102
110100300
110201100
110200101
101010111
110010210
102010002
110110101
300011001
200012010
102010011
101010120
1210101
20100012
10002021
120030000
200220000
30200001
200012100
200011020
102100011
40100001
102101010
102020100
1302
1102101
102021
10040001
13010100
100300110
10004100
100001130
1001121
1100112
1100220
10210110
20200002
11010300
20101011
110001021
2021010
100010310
1020
111012
20200020
110210100
120010002
20002011
101020020
100040010
101301000
1001040
101010210
11010102
10220010
10022100
102120
100021002
22100100
12020010
2012100
12000
20200200
10020111
20002200
200000310
2100003
2004000
202011000
20010111
100200210
20040
1201011
120000030
410000010
3030
2400000
10400100
101400
101211
31110
20021010
3011010
101111001
1000014
100220001
10201101
140010000
301000020
22000101
301010010
400002
100031001
222
4200000
221100
40200
13200
22010001
100020030
400010010
101000022
20100
1010202
101001003
100103100
21003
1010010
3110001
100011
1010220
203000010
10020000
300010110
1000140
2022
11210010
1020102
12000210
120101100
30000102
1000011
100210110
200103
11120010
2002101
1011030
300201000
201110100
21110010
41000001
104000001
202010010
100202010
30300000
120000102
1300020
2110020
10202100
10010310
132000000
111030000
302001000
411000
200011011
11001
110001201
230010
140000001
110400000
110121000
20000100
10000140
110011101
100032
21030
10100310
301010100
111000111
20001300
210002010
10000203
121110
200111100
10001121
1010130
41010
10110120
21002010
30000000
210000111
200010000
3000021
320001
100210101
400011
30210
120111000
103001100
10300020
210002001
2310000
400020
103000110
20121000
111010101
110000010
120011001
100111101
3002010
100130010
10020210
101002020
3001011
410100000
120000111
103000020
113000010
11100030
1200000
12011010
11003100
111300000
310010010
210001002
110001111
1200030
102210
330000000
13200000
202000002
201011100
3200010
10101012
101310000
110020020
10212000
210111
200031
10220001
40001010
32000010
110013000
10102110
102001101
11040
120000300
100003110
11010111
100000041
10011102
11000022
110001120
11110110
2130000
301110000
221000010
401000010
120200001
114000
200000220
2000040
101100021
100002201
1201200
20300010
112100100
1112100
101011011
131010
32100
201003000
200040000
101000301
211101000
10000131
20010210
100200012
110202
110000400
2103000
101200020
1004010
1023
3300000
1111200
200010003
100100013
10110021
104000010
101001111
102000300
121000002
31001010
30100011
110110011
1110
2000211
131100
100100121
11000310
10100010
200010102
1300002
140001
21000120
101010102
1100004
31000110
300210000
100013100
40100010
30110001
2001300
102110001
100040001
203000001
120102000
20101110
2120100
10100013
20022
30100020
10000104
10001010
2201100
100100001
20211
101010201
100101102
31011000
300000102
12210000
3020100
3020010
201101001
11004
1004001
