1003230
2003040
3010020
1000203
31002
30012
1033200
2300400
3031200
2000202
230220
13020
1233000
3010203
2010030
3000231
130200
31200
31302
1302
2020203
2013003
3312
3300003
3023001
3003021
21303
3310002
1003032
3000420
2000340
310203
2200002
2300022
2020200
3030012
2000034
210300
230004
301200
3000000
103203
3000240
2400
4203000
2300040
3001203
430020
103032
23004
1300200
3012000
400302
331020
20340
1020000
340020
200031
222
240000
2003130
200403
1200330
320202
23301
2022300
2302002
123030
3400002
1002003
20022
3402
1023300
2020020
3002010
130020
200220
200313
2031030
1300032
3023100
2004003
403020
3200103
2100033
2220
3102
3042
0
1030032
2000403
2202
3020100
2000022
24003
32130
2001
1000302
402030
300120
40203
22230
31230
3102003
3100302
3200040
2031300
100323
300231
300042
31020
4200030
10002
204
22032
203100
2001033
203031
10302
2000322
3231000
3102300
3020301
3020031
310023
3132000
3022200
3000
2000313
130302
200034
333000
2220300
2023002
1020033
102003
2340000
430200
420003
320022
2003301
3100023
1030302
403002
243000
2040
120
2301300
3000201
2000001
130203
1230
2220030
303003
3013200
1030200
2030004
20223
20001
20004
1320300
1033020
2033010
2030220
3001230
3003
402300
223002
3330000
200103
300201
103230
2310003
303000
1300020
3004002
2400030
2300220
3000012
40032
2340
3213000
2301003
30312
210
4020000
2013300
2022030
3002004
402000
300021
1332000
1200033
1023
2300010
20400
3200001
220020
3230001
3301200
1030002
304020
2400300
33012
32400
1323000
2030022
300312
3022002
1002030
2202000
232200
4320
2010
321
3004200
2230002
2030010
303201
300222
40020
4000302
3302001
3013020
302022
2403000
2002032
20403
4302000
2330001
330
4000320
2040000
213300
432
3120030
202200
43002
3204
310032
220200
42030
330003
2100030
1300002
1030320
230100
230202
203220
4020003
2001303
3000132
420300
12030
4023
2030202
303030
1200300
120000
3210003
1020303
2313
3130002
3200022
3001023
4200003
300321
120003
2301030
20430
3003000
2302020
1032003
2001300
303120
23001
30240
2320002
120030
130002
3120
322002
3030210
1030020
20301
240
2203002
3240000
1300203
2100303
2031003
2031
3000030
3012300
2003310
20304
20031
3040200
2320020
23130
20313
3030030
3002013
320220
20310
2002302
1032000
3031020
1020300
3002301
313020
130230
302103
2130300
30420
301032
3222000
23202
1230000
4003020
1302003
2000040
233001
200400
4230000
3100203
3040002
100020
4002
2202030
330210
120303
230031
201030
1002330
303
340002
220002
13023
4002000
3300021
3020220
3033
220230
201303
30123
3021
3310200
200340
40023
4300200
3320010
3301020
323100
320013
1020
2331000
1000020
23100
20331
2103030
3021300
2004300
2001330
2300031
3002310
302010
13230
3030021
2010003
234000
330012
304002
102030
30213
2043000
3300
320001
3300000
32100
22302
20034
3220002
3320001
2200230
2031000
400002
321300
202020
4030200
3102030
3023010
3003210
302100
302202
200202
12000
3201000
20130
324
31203
213
222000
2003220
30222
2001000
1203000
102330
301023
3321000
3000210
2000133
320004
1302000
310200
230400
10023
4200
2330010
42003
32004
400200
1200003
330120
202032
4002300
324000
102303
1323
2032002
322200
202230
200013
3030102
3100020
3021003
2003400
1000323
203103
34020
2303010
34002
10203
103320
1300320
1032300
1000230
133002
202002
1330200
202302
33030
3024000
43020
2100000
133020
2103003
2003010
230301
302040
2020032
3010023
3300201
23022
30231
333
2130000
303300
2200302
2200020
3020013
313002
330021
3030003
1000233
432000
123300
100230
20010
2300004
3000222
3
300012
2033100
3032001
32310
3021030
1003200
222300
3201003
2322
40002
3020400
2002023
312300
33102
4032
3012030
300003
3042000
22200
3300030
2100330
2000100
3000024
32040
3312000
3103002
203202
3204000
3000042
400023
1320
1302030
2000043
340200
24
2030310
312000
200430
1003203
300330
1300230
2000331
320010
4203
3103200
402003
300240
30210
2133
2103
2200200
43200
1000200
2030301
3001320
1330002
3203010
2023020
2002020
30402
2130003
2220000
30033
3002130
3000120
300024
402
4200000
2013000
3003201
3000312
23103
30204
30000
331200
332100
332001
22002
2043
3040020
230013
203310
31032
240300
2002230
130023
303102
4000230
1303002
3100230
210303
22020
3420000
2020320
3020103
330102
300213
3012
2202300
2003100
3000402
240003
130032
312
2010330
310230
200310
10230
30132
3002400
1200000
2103300
3202020
1030203
3001002
3000102
342000
4000023
201300
33120
320031
2032200
302400
23031
1200
4030020
2002203
204300
200022
4200300
2030100
2002002
430002
200001
2223
3200100
2010000
30030
300
320130
201000
1230030
310320
220302
201033
1020030
3103020
230130
203040
24300
2313000
420030
1003302
3302100
3010320
300210
40302
4020300
2203200
33003
3330
303012
2403
3220200
210033
40200
3010200
2004
2320200
1330020
1023030
1032030
2030031
222003
301320
4000032
202023
21033
2013030
103002
3302010
100302
2300013
100320
20103
30042
2130
4030002
3200202
30
400320
103200
300123
3030300
32013
3210030
2030040
403200
3003300
300300
33000
2010303
3303
3002022
31320
2230200
200301
4020
3030
3003030
2103000
120330
120033
200004
4320000
2003013
1000332
3000213
1000023
230010
2002200
3120300
423000
203001
13302
1032
3030201
300303
2300103
2002320
24030
2400000
2330100
3100320
2200203
3002100
1002
3402000
32022
42000
231300
10332
1332
30330
3020001
103023
3303000
3003120
1003002
223200
301020
200223
32031
2100
1200030
3213
3032010
10320
3300120
2400003
3031002
23013
3024
4000200
300030
222030
100233
32010
3320100
2040003
3010302
132030
320310
21030
23010
2034
1203003
1300302
3200301
2040300
3102000
132000
201
300033
2302200
21
3000003
3022020
3004020
3000204
23310
20043
2200023
302013
300204
23040
10032
3000300
3000033
123003
42300
4300020
4000203
1303200
3200220
2033001
1002300
320103
30021
3030000
3021000
40230
32103
3132
1023000
3200004
3010230
2001030
33
203022
32202
4230
4002030
3000123
330201
22203
20100
30321
3420
3003102
220032
3033000
3220020
3230010
3200130
3013002
2020302
300420
300102
4023000
33201
2301
200043
322020
100002
3201300
3001032
1000002
34200
3123
3201030
3123000
3200031
2022003
233010
320400
320301
2133000
230103
420000
1020003
1003023
12003
30003
33300
230001
303021
22320
1200303
3300102
2000310
210003
302301
203010
33210
2310000
323010
30024
1023003
3000330
3120000
3020004
232020
21000
24000
3003003
3100200
3200310
2040030
4002003
30303
1003320
331002
220203
12303
423
2020230
2130030
3020202
3020040
2020002
2000031
213000
31023
3210000
3000321
310020
3002220
2003022
2030130
4003002
3130200
2000223
100332
4020030
3130020
2301000
3012003
1020330
3020010
3002031
1000320
3230100
204030
203301
32301
10233
210330
2030400
2003004
3000021
102000
200130
330000
2030001
10323
20322
234
1300023
230310
310002
200040
3201
400032
100023
3240
202320
1303020
3200400
2300202
103302
3000303
2220003
323001
1230003
21300
231
2010033
12330
32220
3321
1203300
210030
303210
2300001
301203
233100
3200013
1030023
102300
302220
21003
2430
4300002
231030
231003
1003020
302310
302031
2232
12
3310020
400203
321000
22023
20232
3032100
2004030
2003001
312003
203130
100203
13203
123
330030
2304
220320
2000013
202203
200322
3301002
132300
232002
13032
20040
2200032
2202003
3202002
3300012
3001302
20013
1320000
2010300
2000220
2000232
1033002
132003
13200
420
2303001
30300
3020310
2020023
3300300
2304000
13320
21330
300000
2030013
2003202
321003
204000
3400020
400230
301230
200331
3020022
2300301
301302
1320030
3010032
3002103
20220
1233
1203
3210300
321030
203400
20133
3020130
200010
3231
220023
103020
200133
20202
2331
2100300
3203100
310302
132
1302300
230022
301002
240030
3100002
1030230
3010002
1002033
1000032
320040
3400200
3203001
3002040
302001
33021
10200
3202200
2001003
12300
2030103
2300100
302130
201003
3222
2310300
3001200
2000400
2000301
2000304
13002
3200010
2004000
100200
200232
23220
1002000
120300
2003031
2034000
2000103
304200
302004
1203030
3300210
2003103
3002001
203013
4302
2022
4032000
2303100
3001020
400020
204003
300132
23400
10020
2310030
102033
200100
42
2022000
2300310
3100032
2000130
231000
2300130
2023200
3003012
342
4000002
203004
300402
102
320100
313200
230040
201330
3002202
123000
12033
210000
200304
40320
30201
330300
2203020
2000010
2000004
223020
312030
130320
2013
2232000
2322000
1230300
2230020
133200
100032
2223000
2100003
30120
2200320
3120003
1002303
332010
30102
243
1320003
3030120
2000430
32001
4000020
3210
2032020
2430000
213030
213003
2310
4003200
