1203303
1020003
3020133
301323
3003201
3000201
2130033
2320002
3200133
430020
232230
202320
2040330
2033022
1003023
3320202
43020
4023000
1003200
3023130
300300
1300233
33300
3300
3400032
234000
3023400
12330
3002100
3303300
1003302
2000022
203220
1023
3333000
1323000
1300002
2000100
2313003
202332
3002103
331230
3000033
2300220
310233
43320
230220
200133
20043
332004
2002032
202233
343020
20343
3030213
300423
2040033
1002030
2000223
200022
230301
320001
20403
30231
33000
3300003
323013
3001002
2220
1032
3030210
300243
1000302
340230
20040
3003123
432
4300320
4020303
2300403
1300203
2030310
2003313
3420003
3200220
204303
3330000
2400030
2232003
2020200
403023
3002004
33024
1330320
2330220
2200332
2022303
1020300
2030304
320004
23310
22302
4020033
2103000
333012
1000023
3020034
312300
2304030
303033
1200333
2033310
3202203
40302
3313200
34002
3300132
4020330
2330004
2300430
3423000
3301002
3033120
2310003
2032002
232302
320022
22230
3003003
3310320
3033000
2030340
3100023
302031
300132
330312
1203330
324003
10002
1300302
2001300
3402030
3233100
3033021
2001303
203223
31020
3030204
3003102
2300232
2022300
3320013
21330
30222
3000321
3330
3130020
343002
2300304
132330
3004320
3000012
3003033
1000320
3130320
3130302
331023
2030232
1003323
1002003
3203013
3012330
3032130
0
4003302
2330103
333
120003
303210
204
3100203
220233
3020040
10020
32304
2300223
2034030
400023
231303
322320
203313
203034
3020022
3032301
333021
203304
3340200
23034
2343
2331030
2032302
3230022
321033
3301320
2013
2033220
2230200
3400203
3023310
321300
3302004
1023030
420303
1002333
310230
13200
3331002
2334
2022
1032030
3200001
232020
12003
3420
3420000
3321000
3012030
3332010
201030
3320010
3003231
3000303
2320200
2300310
2030403
240030
200043
3022230
4200033
320232
3332001
3004020
4000320
1203000
2020320
3203103
322200
220302
33204
2043030
2000334
2103330
2300331
3310023
3040302
13002
303102
3330012
1303302
2043300
33303
3103302
201000
102003
3020202
220023
22002
3024
133230
3023022
323220
23340
3030132
3231
2400330
2343000
1302033
3100230
203004
3300213
330222
303213
2020230
2030133
203133
3340002
302400
4020
4000302
3400023
3213000
3310020
3010233
2003331
3
3320130
3023004
2013330
2030301
200220
3320400
2303040
2133
3300024
2203200
403020
3322002
2230203
1300020
3230103
4303020
3002322
31302
3000231
1203033
30234
4003023
3200301
310200
3030420
2303004
3222030
3222003
133320
3020331
20430
3302013
302220
302103
301002
30042
2302230
321303
3032220
2300013
210300
313302
20340
332103
3400002
312303
30240
3102300
23001
302232
34203
2034000
3001203
3002040
330030
22200
3304002
300
3032022
3423
132000
133203
20004
332010
4200330
3003300
2323002
300333
2000040
123303
202323
103302
3010320
32301
102
3003312
2013003
402030
200433
3040023
3003321
303042
2340030
213330
3031203
3210300
21303
301023
303123
1330023
132033
23400
20013
3032103
3002001
230133
304200
3030024
133020
3020304
340032
30024
120000
3002331
330240
2400000
2130300
3400200
230310
3023103
2003223
2030043
31032
303012
4302000
4300032
1002000
3232020
40323
303222
300240
1233030
2100333
1020033
3323001
310002
42003
332202
4000230
3123300
230040
3004230
31323
1032330
1032033
233022
3320301
3013203
1302030
403302
103203
3024300
303120
3030021
2013303
1020
330201
330021
4023300
4000203
222300
200310
332001
30123
3002430
4032000
4030302
1230303
2200320
3023040
332220
2033301
2020203
3313020
2310033
2000331
3010032
3300201
123
3300021
2310303
3100020
200004
3203004
232023
130020
200103
22233
402
2310000
2304000
2032320
403230
400233
400020
130323
230010
320103
2303103
2023020
2000403
3022002
240033
3020223
2300301
3203040
3200313
230100
3013020
4000200
2000232
3203100
200100
3020100
4320003
2304300
2031003
2003100
1000200
2303130
2303202
1033203
2000013
3032031
2203023
3123000
3233010
130002
302100
2033013
3100302
240300
302301
3243
2322030
2043000
2031030
2022003
2403000
2032023
3204003
233202
230034
203043
323301
33210
1033002
2020302
3102303
3103020
4323000
2233200
330330
1023300
243000
204003
3002130
334002
2203002
4003020
432000
320031
2002002
3220023
233301
43302
303420
3300000
4030020
2340300
100020
3000432
3000102
300012
2010333
223320
332022
302202
333210
2400300
2302002
230304
322302
302403
3300312
2300001
1033032
1000233
3301203
30120
3030330
230232
12033
304020
2400
3300240
300342
1333020
1303002
2034300
32004
2230302
3200034
3010023
40332
33402
2303031
2031000
2004300
3123030
2433
2001
3103002
423030
2220003
1303032
202002
22323
3003012
3231003
100230
3020232
3020313
40020
3031020
231033
201330
203031
3004032
3000024
3200304
234003
103032
3300012
2013300
3243000
430302
103332
12000
302133
34032
3003132
3300030
202032
3323100
31230
4332
200301
40320
20322
334200
32400
3033201
420300
3301230
33222
342
30
3102330
243300
232320
100203
340200
3001032
332310
32202
3030030
3303
2000202
321330
3000312
2200203
1030302
2003103
3222000
230031
30243
2340003
1233003
2130303
2320302
100323
302040
4000323
1020330
400332
31203
330102
2202033
2022330
2004033
3120303
200322
330024
300033
132303
3320103
2331003
3020322
3303021
2430030
1320033
1023303
230313
24300
3330120
4230003
2023200
2033001
402330
13302
3200022
23220
3002403
330132
3303030
1230000
1332000
3210003
3040320
12303
3031320
1003233
3103200
420003
2202030
2203020
3402000
3203202
102333
100032
313002
300210
30210
1332030
420000
342300
30321
400200
203130
32001
4032300
2032200
432030
130200
3003213
300321
1330002
1032000
4230
4320
4332000
3103203
123300
102303
100320
3010200
43032
2403030
2000340
3024000
1302
102330
202023
33213
4300302
1023330
2030220
123030
302130
4003203
2233002
2103033
132030
20223
3032004
3000204
300204
1003002
3030402
4203003
2032020
2020020
3103032
430032
3320100
3043002
2130
3003222
3324000
3002232
2330301
1320030
300003
4003200
300000
2331000
2130003
3220020
223020
201033
200331
3302103
4000332
33003
2020002
2302023
2100033
3210
303021
4023030
3240300
3201030
204000
3020031
323040
3402003
213000
203331
203040
100002
3003420
30300
3040020
3003120
324030
3030300
4002030
30000
1003230
2003034
3231000
102000
331200
3000132
2043003
3132030
213300
3001320
300120
2430300
1333200
3130002
324000
23022
3403200
3102030
433200
3342000
12030
304320
120
2033130
130332
20433
32430
2220000
2032032
332400
302430
3000243
120303
42330
3032040
1002
2003304
102030
3024030
3022032
23004
3000030
4030320
2330031
2100003
1032300
320310
3003021
3430002
3203220
130032
100332
3012000
1302000
2013030
3403020
2030130
3400302
133200
3202200
2403
2203302
3023001
23010
3010002
3002202
2010303
220332
202230
20400
1033320
2033202
3310230
3301200
2100000
1020030
1030020
2002320
23430
30402
2303220
2023203
2030103
2030031
30003
3200430
203103
3302031
301233
2030430
3200100
10323
3003402
132
4200003
1303200
3203130
32310
2313
30213
3120003
2340000
1332003
2320203
2200233
210330
3033300
2303400
1303023
2322003
323310
3000300
2200002
30303
13320
3000330
1023003
2004003
3030
320133
1003032
3103320
3310203
303240
2302302
340302
3302130
2000301
223302
132003
2004
3420030
201003
3012
24
2303310
3333
3103230
3020220
3031200
304203
2031033
30330
223203
3020310
3302010
3000000
1000230
1323300
2313300
430023
130023
3023220
302304
4303002
2130030
3301020
3031002
4000233
1000323
123330
3310200
323022
320403
23301
33312
4200000
4230030
22203
23040
432300
340203
332301
10203
3000324
4330200
2031330
3320220
23223
331320
2313030
2223000
1302330
2003010
3033102
10233
4030230
2220330
3020043
3032013
3001233
4302
4303200
2330001
303300
1002033
2000220
103230
312330
302043
3033012
333000
320034
3302100
32022
3300402
2203203
30333
233100
3021030
20304
2403300
1320000
3210000
32331
303201
3003000
2103300
2300043
1030233
3331200
1203
2301003
2010300
423000
402003
4203000
2000043
33
3230310
3301032
4302003
2334000
2320023
2303010
1033023
2030322
2000103
3100002
203430
3201000
223002
230430
322230
302001
3000402
3313002
3023031
4300200
1320300
2030034
300312
1320330
430200
3002043
231300
4300023
2232000
2033004
400002
3001020
3002013
3000333
1300200
1300320
204030
333120
233400
230223
200013
3200223
203001
2030010
240000
42030
3032010
240
31332
3030240
4203030
3000003
2133300
3302301
1320
3240000
330120
210333
3002301
1000020
3220302
120333
3312000
2010330
402033
300432
3303012
300324
2310330
2023023
2030100
320013
22332
304002
32013
4002
2301033
1002330
2330400
2300340
2023230
3204030
3312300
23322
24000
210
1303230
3304200
32313
32034
30021
2300313
3320004
300234
4330002
2003400
2331
2310030
202200
3013002
2333001
233031
3021033
3020403
3010020
320301
40200
3002010
2330022
2203230
1023000
430002
4003320
2330100
2040303
2033031
320202
301032
222
3300033
2330130
2003232
3230130
43002
4002300
200400
200343
4330020
3200010
3020103
4320030
2003301
3213030
3020130
3003210
303132
2220033
2000430
2000322
32403
1020000
2030202
402300
3034020
33240
4033002
4002330
1323003
3202002
3023301
21030
3032001
2203320
30420
1332300
2023032
2002203
3232002
423300
3031032
3300120
3000042
1032003
3100332
313023
310332
300102
133002
43023
24033
2103003
2300322
2020323
10023
332013
2133003
1033230
2023002
2002230
3200322
403203
203202
200403
2040
2332002
234030
103020
200040
3330210
330300
400320
13020
2040003
3031230
331020
32133
303312
2223030
320220
1333002
2330013
2302020
1000032
3204300
223023
3310302
313320
20022
3130200
322002
332130
303402
3000222
3312
300030
20310
3002034
3010332
3022023
320340
302223
2034003
24003
2303301
3230013
3230031
3220002
3202230
1300323
1000332
123003
3022203
302004
3000420
333102
3230220
3203001
24030
230022
330210
3213
3021330
3300102
4002000
2003322
3040230
3000210
3120
2023302
400032
3043020
20100
3001302
423
4302300
2103030
222033
3032202
2430
3030120
33132
3102003
21300
20001
3300231
33123
3030012
2200023
3222300
203340
302022
3000342
3030303
4030203
213033
301020
3030231
4030032
2003004
3230202
243003
323031
1300230
2103
2031
4000032
1003020
1332
230013
3000021
2232300
230004
320040
332040
2133030
1033302
312033
3310032
323130
322020
1230030
320130
22023
31200
2202330
3432000
3040200
4023
4032003
2033100
203403
23133
33021
2303001
2300100
1032303
2004030
202020
13230
300024
2303100
3202302
40023
30102
1330230
2300133
2003022
3203310
100233
233130
133032
30132
2323020
330303
2200230
31002
220323
233310
342030
2330310
33330
3020301
310302
310020
4200030
20010
3031302
3132300
3223200
310323
3032100
304230
1030320
2003040
3220320
302034
3102
3003024
2403003
2003001
203013
12300
300402
3300300
400323
223200
303030
1302003
30030
20301
304023
4320300
1330302
2300022
310203
303303
3120330
203100
302310
1233
2304003
3021303
3330102
220032
3010323
23304
303321
3130230
3010302
23331
3302220
300123
33201
2202303
2303013
2010030
1000002
302331
2020023
432003
201333
3032310
333030
2202003
2300103
3002223
331002
2230002
231000
2301
3303210
3240030
3133200
132300
130320
3302040
1200
2330010
1303020
1030230
203310
23013
330012
2010033
220203
20031
1003332
2000001
3210030
3200130
430320
220200
32040
330213
2400303
1302303
2200323
2200020
340023
301332
33102
2032203
3200013
213030
323400
300420
1030323
3234000
2034
2000304
23031
3002313
2202000
1003320
3200403
3200103
21033
1230
30432
3222
2310300
3203400
3201003
323202
3123
313203
40203
303003
3204000
232200
304302
301302
330123
1330203
3200232
203232
3040203
3420300
230202
301200
3402
3003330
2200032
2003043
3220200
133302
4233000
4230300
2230230
2100030
3200400
2000133
3322020
3004302
300201
33231
403002
201300
3010230
321000
4300020
4002303
1302300
3220032
3202023
3100323
200340
3010203
23403
3240
3210330
203010
3023202
330231
2003340
331302
302322
32130
33420
301203
32340
2220300
30204
2302320
2000310
43203
304032
2043
2031303
3202320
3331020
222030
204033
42303
10332
2301300
2003310
3003
233040
2010
33120
3432
1330032
3200202
3301023
3004200
3430020
433020
202203
3020001
2230320
130230
2300031
2001333
3230040
3303201
3300042
4003230
2001030
222000
230001
31233
3030042
4200300
202302
3012303
330321
2330202
2302200
220002
3020004
2331300
1030032
2002332
2000313
3230010
1033020
3223020
3132003
400203
31320
321
2001000
200010
3300420
243
2230020
2013000
2030400
3400320
323001
301320
3021
1303203
3021300
340020
2230023
24303
32223
4000023
3400230
3201330
43200
300231
2040300
2020332
320313
32220
4323
4200303
1200000
2203032
3203031
1003203
2002302
330
222303
323103
13023
1030203
2003133
232002
23100
1233300
3202020
340320
22320
10032
2202
3200331
243030
320010
300213
2033040
403320
223032
220020
313230
213
312
2430000
103320
343200
42000
3002133
3330021
4002033
2003430
320331
3002031
30312
2130330
223230
323010
233103
3020010
3034002
302013
3042300
3024003
4033200
3020400
12333
13332
3001332
32100
2040030
3000
2004000
2100
3201300
2232
4000020
3120033
3013032
3004002
3001200
3234
4030200
2031300
3023100
40002
3301302
3031023
333201
4320000
2301030
2030313
100023
3042000
33321
200223
3013320
3302400
302313
34320
1200303
33033
22032
3300204
2400003
233010
220320
3033210
300042
2001330
1000203
3232200
210000
3033003
4000002
3103023
402000
123033
303000
320430
42300
2232030
3013230
23313
4300002
3130032
2310
2030004
2003403
3200004
103023
3042030
3020340
3003240
3100233
3022200
3002340
33012
21
3321030
21333
323100
20034
331032
1200030
1002300
313020
323004
4300230
3030003
2223003
2220303
2023320
3400020
3220230
240003
3201
232032
3013023
3030123
303204
1330020
1303320
2301303
2200302
120330
3023010
3130203
3100032
3303102
13203
23202
22020
34302
2300040
231003
23130
20220
342003
331203
3324
3200040
3012003
3132
201
3003030
330003
3213003
423003
1203003
233001
210033
302010
2300202
2001033
1323
23103
300021
2300130
24330
1033200
321003
30423
3030000
3402300
200001
3020013
4302030
2020233
3034200
301230
3300222
4003032
3120030
322032
300222
3240003
3213300
3200031
3312003
4030023
4030002
3133002
3003042
3330003
2000343
3120000
203022
3320031
312003
3004023
3013200
20202
4200
1230003
2003031
234
2000010
3201303
3340020
3033030
3003303
222003
200313
2300034
3123003
34020
4003002
2322300
2220030
2302032
430203
400302
1330200
2000130
33030
303
200430
4032
3042
4033020
2430003
2040000
2020032
2004303
3000120
130233
3022320
312030
3002400
330042
402303
232203
200334
20103
32103
2002020
233013
210003
3321300
4300203
1300032
2030040
240303
123000
200031
2223
4032030
2300004
3430200
231330
3320040
420
1320303
2230032
2100300
300303
1030023
3200043
130203
203400
320400
320304
2304
2103303
3302202
1323030
3203010
23232
3002304
2030223
3233001
3102000
230331
40230
3000123
3000234
3330030
1233000
1230300
1300332
2003130
403200
4020000
222330
220230
3022020
2033103
2010003
2202300
2000031
3200310
3021000
3030102
231
103323
23043
3330201
230400
433002
321030
21000
3302001
3030201
3300321
2320320
2301000
3102033
234300
120030
100200
3312030
324300
13323
2200200
2032230
233004
2003013
3133020
240330
3302310
3000240
1203030
2000034
201303
320322
3300210
2003202
3231300
3230400
103200
322023
34200
2322
42
3303000
2022000
1020333
2030022
2000400
213303
210303
103233
320223
3030033
1200330
2033010
2030013
3230004
3203022
20313
324
3304020
1230033
2002023
204330
43230
42033
2323200
2300010
403032
3042003
3040002
3013302
3302022
32322
3132000
3210033
3203301
340002
330033
200304
313200
322203
2340
2433000
33042
2333010
2100303
30033
3040032
310032
3001230
32010
330420
3210303
3001023
302340
2332020
1300023
120300
230103
3020430
20232
332031
303231
1200300
2002323
233220
3022302
4020030
1200003
2010000
2003220
312000
10230
3002022
2320230
2030001
3130023
3201033
3023013
31023
2400033
2332200
2300400
2100330
2013033
103002
10320
330000
2130000
213003
200034
3223002
3202032
230340
40032
34023
30012
2322000
2223300
1020303
200202
3032400
3330300
1002303
10200
30324
3300303
4002003
2133000
333003
2030331
2004330
330402
333300
3300123
2033400
2002233
2001003
3323010
313032
13233
1320003
3230001
342000
4203
3230301
203322
3322200
230403
21003
32232
3300330
4020300
420030
3321003
3012033
332100
100302
320100
3000213
2313000
3100200
231030
3021003
20130
3231030
3200340
230322
4023003
2301330
1030002
2002200
3030312
420033
310320
3332100
32043
2022030
133023
20133
10302
34230
4230000
1200033
20331
3001323
3204
1030200
3230100
3033
2000433
102033
4020003
2330040
310023
3002220
3003204
1023033
2000004
200130
3320001
3220203
203301
3320022
3002310
12
2302203
2022033
3120300
330204
3030321
2320020
2320032
210030
20334
32031
3000423
303024
1203300
3100320
430230
13032
4233
30201
3303003
2333100
300330
130302
204300
102300
200232
3043200
334020
320043
3303120
30342
3342
4203300
420330
400230
3012300
40233
3004203
2233020
3403002
230043
1230330
303330
2303022
1030332
230130
120033
3320310
3310002
3030222
3321
