4003201
1012000
223201
4001023
1001203
2300203
4040002
12013
1022200
130012
23110
40030
103102
1030000
331003
230023
423100
3001024
1210303
440200
100330
3004021
4002310
313003
310003
2030212
121003
2001310
4030003
3003013
232300
2223010
1100023
2032210
33010
1322002
1203220
432001
203101
43012
3030121
4002022
330400
1100320
1020313
1033000
1210330
20020
2030014
243001
3130003
2134000
2004100
3100210
2420002
213130
13132
20014
4000201
1010233
23221
31402
3200032
2201002
2004001
3420001
2033020
213022
4012
1223002
3010222
4200022
3211000
2020021
2001340
403012
11032
4100302
2003020
2221030
2011
3220003
1030240
401302
231004
1300402
2043001
3110002
403120
210004
3003130
202033
2002204
3200122
410032
3031120
2040004
3042001
3023002
1203400
2100202
204013
100210
1203010
1030120
1003231
103024
140203
3001003
403000
1240000
2311300
1302400
2103001
1023301
3012202
3020140
132310
2013031
2021032
2021002
420040
20113
3313000
1000120
241
223120
132004
4330000
4001230
430000
332200
1020133
404020
1013020
3012040
3103003
3013000
3000034
302122
4230001
3030103
2402020
2011030
202210
3040102
2422000
2420020
130303
2210302
1202023
13231
2230300
130231
34000
2031220
314020
1300033
4001200
1222000
2040001
1032202
213301
2101
430120
122230
102040
320320
2204200
1302013
1024003
1031020
140200
204004
3003211
211330
104320
3312010
12403
301231
3130030
232102
24220
3004102
3031300
2203210
2103013
1000420
3123100
3102220
100420
3000040
3120220
131302
2202010
102310
332101
2240200
2000224
213103
2130001
221023
1303003
3004300
33013
22
120403
12220
21313
1004302
241300
43102
3222001
132010
311002
11230
4021
400102
2033200
340300
2231002
1130203
2022100
2003410
1003201
110323
4003012
2201023
210301
3010120
3002320
2222002
3204100
3203101
3310201
3011320
311320
3220300
20023
1000012
3300130
2200303
2400103
2220040
2032
24010
303112
130330
302002
3121000
120100
21103
34102
4002013
2120200
212203
100342
330112
3022000
302200
3020320
2430010
330301
3203200
3030040
2312020
2022001
2010100
10243
3232000
3202300
4002220
30022
313
422020
40210
4030
3120001
201220
341020
24202
1030300
4010302
300043
2010331
24022
1100302
10303
100222
4032001
2000200
2300131
4303000
2003032
4000312
301420
202300
2300020
110332
1301203
140023
1420
2301400
31300
1030312
420400
100321
20143
302131
4003300
3100303
2313010
323011
42220
10210
2020102
2002
2000413
211000
3023110
4420000
322300
2212300
120220
1023103
131203
201301
303211
4002130
1201300
1010203
3013012
1301230
2001001
1000042
213010
3012001
2110330
2230
103231
32041
4200220
2213200
121030
1312003
2100403
113032
10201
2311
22210
3203002
1210300
302230
2004202
3200110
113002
3002221
2030221
2004130
200113
3041002
12001
1312300
1330021
2130013
13330
3010003
204022
13303
40240
21010
3004120
2302201
1022032
1032004
4000030
3030202
240040
30142
2002000
1330102
1000234
3121
2300032
134200
2330002
2311030
2032201
214000
2204020
103033
210331
4031200
2220013
1201303
2010430
100423
200131
30421
3202
2302300
3000022
1402030
3140002
304210
2301022
103213
121303
313210
2133001
201133
4103020
220321
21403
102403
1213300
1200232
1012303
401230
22021
1123
1222003
304000
3010123
3010024
312301
1321
2301220
1021303
2013202
1333
112330
22321
2020120
3020203
1321300
2020204
420004
133210
332110
4022002
2030320
122302
21001
220201
202321
330121
2330020
2104030
2004013
131023
23212
23032
43
3201031
4203010
2022400
2030113
413002
3120022
321202
2202103
2200123
33103
3214
3300010
1030033
2230012
202030
2203012
200323
201232
3120100
3302101
203023
2002033
320113
3301021
3013
210043
204040
2020030
1310020
200230
43003
2010202
2010040
31240
10420
1040002
1031002
1002310
2004031
200302
34300
1024
2133010
2100010
21220
2014
2032000
100324
24400
24004
1103032
2014030
22300
43201
2001031
3210013
311032
3002014
3040
321400
301210
3030220
2240020
203302
1042300
2002213
132100
121
2320003
1304002
3021301
3320002
40033
204310
423001
220123
230212
3020113
420031
101002
341002
1330000
1030231
30001
3210031
202132
2130040
10321
4001302
1130023
2040220
2010022
1402003
2140000
2220103
4023001
1100200
4100020
4000321
1340200
1200010
3210130
203110
21304
1003204
3201130
412003
20110
2224000
1323001
1032310
3232
230011
3000142
2210032
4400200
323002
40300
3100300
3101320
340210
3100321
400021
1003303
2001013
110203
102031
1013302
310042
40321
10231
1243
2202022
2200024
2024200
3100222
120040
4120030
322000
2300104
2002042
200140
3011023
3010321
3000403
3200014
4012000
120331
20212
2140003
200020
300034
3102010
203131
2012230
203014
4020310
120130
120031
40231
2000302
2400130
2300140
2023120
424000
103402
3311200
2100013
41023
20410
1230004
2140300
300304
1023022
3200212
232210
120304
40201
4020220
1300210
30430
2202400
2102203
2001004
2012200
1002304
430021
1120003
2302120
1300042
2001304
220330
2310031
2041030
1003222
1024300
3132010
3100012
30241
4031002
301330
1003102
3100033
1000240
213400
3040021
233200
2023210
1032031
420010
210103
3020110
1323010
1302022
2041003
20320
2110
23122
4003102
3003004
2430100
1320031
3301
323110
321013
2002120
3102022
322021
2023
3130021
200341
4220200
3030022
2310001
2023102
2002222
2002240
3202201
202240
4010023
230020
2300110
2100340
10333
342100
11020
2000401
231001
20104
2400202
1033210
1020331
102301
2113030
3021130
4040020
1300300
4200310
133000
2103040
3010210
102313
2300410
4000213
1330201
100033
1004032
3024001
103
2000002
1310203
3201001
230311
3000010
200332
2041000
2003131
212302
120034
1000321
23140
300214
4213000
4000300
2010340
2102032
3410200
3013201
1400002
2004310
1000312
3120004
3200101
3000214
1103302
2022022
200134
3300004
200404
3313
200044
2200300
1324000
323200
2220130
1010323
240022
100231
13042
231301
120022
41020
303103
3100024
20413
302011
4030012
1310320
2400220
2101003
123022
31210
4400002
201331
200401
301120
33121
320203
1302103
2100322
211303
300301
2044000
223012
3142
3330100
140002
3022201
11203
3304000
1231300
33400
131020
104032
1130302
2130010
1200304
2022103
2033011
2020312
2010304
3012301
2102020
3001312
300010
2002321
3022120
41032
3032110
1230310
1002034
313021
41002
302311
1130020
30310
1002004
123010
103132
3001420
2230102
3202021
31024
2132020
2001220
3130102
3000220
302203
301321
3000322
1320400
300004
3203020
3023101
3100330
304030
322210
4010230
233002
31231
2230000
310213
2003002
1320301
4012003
1304020
131002
24103
331201
1012
313000
400132
3241
13204
1423
2011033
102340
1201330
1031320
3020014
1220032
22000
4003
2002402
130
31012
4000210
2321020
23230
10
220213
101323
1310002
130042
3001402
4402000
4201000
4010203
1031023
232120
210001
100234
13030
403030
2322100
202003
102133
3321001
4010200
1032013
1002340
21133
302104
2232001
401203
21034
3302110
2134
320020
301000
1302202
2102023
303001
13312
3001132
4300
102322
2200000
1034200
410230
22420
33100
1002040
100012
200233
340003
110302
2123200
301300
1200430
1040203
30103
2004022
242200
102400
202102
1402000
1203022
1200133
1022023
2043100
3022
4
133012
3030004
2143000
332002
224200
3400021
1133020
330010
4002301
300103
23104
4320001
2304010
100030
2020222
3412
330022
1300222
2012320
3101032
3012022
311302
4200010
1020310
1004023
431002
203140
200242
3300400
103000
3030010
400012
213001
3030112
2221003
1330030
3213100
103420
3321100
30043
2010031
1003132
3201220
3300022
3000133
200200
2021023
3203011
400123
2323
4100230
123202
302110
2224
4302010
2210020
1203004
13240
400003
2001202
12040
1042
3000211
2110030
1202230
3210103
2222200
1002100
140020
220312
1330210
120103
310132
301402
2001034
3100231
4020040
3220021
200314
321040
230002
2010301
2003110
3121003
21223
2210320
2120023
220003
2200240
1204
1302010
2003320
1120300
3031201
301021
3040000
2410300
3100201
1342
3000223
2301100
112033
32221
32101
1040200
3120040
12322
3000121
3303001
1204030
2300230
1003300
2410030
1230202
1022302
3022003
2122030
132022
3220000
2202040
201031
10234
2301301
321301
2000410
3102040
4020031
430210
221020
201022
2321002
3012103
3000130
402220
3001042
2200231
3120301
200212
332011
31312
4120
4302001
4123000
1203301
223
213040
2320102
240004
100213
4103200
2011000
103210
2020024
112030
1201000
2310310
2200312
2000113
140230
140032
301132
3320020
3201004
313102
44020
4020022
3001000
2130220
2130130
1301023
1200103
2330200
301030
2021230
1023202
2012032
1120303
320032
2130004
3210220
14320
330310
1102000
1202002
1010332
1030021
431200
231130
22042
232201
1003042
3040003
313300
2301202
1103020
2120020
2220001
2004220
2002021
4031020
331
4200040
1030330
2301004
32320
2220010
3200104
100201
4032010
430030
31330
1032040
3013210
3221002
3120031
430201
400300
2100331
2000404
1300000
1000123
3211300
421000
212023
230221
3103000
3033010
1213030
130321
20422
4201030
2030230
4010032
1204000
3211003
201313
1210030
2100232
2011003
3212200
420013
242002
3300040
403102
200311
3021103
301042
4300003
1303030
3300100
3110023
240010
4202200
3113002
201223
2130202
104302
31321
2122
2303110
1100002
1000210
402103
121330
3021013
22204
3004201
1100230
2100040
14032
4321
2400040
103303
2014300
2204002
2001322
3140020
131230
222301
1000033
1033021
1010320
1301200
2201320
3210004
202204
314200
22024
3030400
130021
2113
2031100
11302
3001330
3401002
124000
202402
1432
3040300
4310200
2400010
2102320
213310
321220
3002011
331210
10123
1022203
2022010
1023013
30400
340
102034
311203
3301210
3003100
2221000
3240001
3020122
34120
2300212
40000
1043200
3400210
112003
13420
12010
4001203
1230022
212200
222100
133003
1304200
33022
211003
12034
2033002
4020004
13321
4024
1313200
2130103
2301013
103021
3301102
420301
42310
1020223
41230
14020
10012
32311
3041020
4000132
3000043
2212030
1230010
2040022
1020430
1020010
24001
4001020
1210033
2012020
2020012
3403
12313
3010303
2042200
3120202
4020400
2000332
1231000
2002210
1213003
124003
3004012
2113003
22330
2031202
2001313
110032
340030
103300
3400102
2031040
1020022
402400
2340001
3031
3002104
3030211
1300213
2300221
33040
22003
220000
2040400
4303
3003202
1303210
2013103
1030402
1330
1234000
2203102
1034002
20230
210010
42010
3103300
20323
2030002
430003
2033101
132301
220210
2103004
1012030
400321
3011020
2000230
2201302
1012300
20200
1000102
3014020
30004
121033
42031
21031
101200
100132
4120300
230200
2021020
3201400
2331001
221203
10102
2304001
102232
2320030
3302002
2200012
40123
21013
3301003
302320
1022020
1312030
2001040
22132
4240000
3331000
4102003
4300210
3003301
1223020
211300
2040100
3130012
222400
220402
4042
33001
1002022
3200311
3020212
201130
3310030
4002010
2000032
4000330
3210100
3104002
2331010
310300
1220302
3001102
4000222
1200220
2013130
132001
3001231
1330003
310120
31201
1302220
300220
2010103
102004
4000000
3311020
3002020
2402200
2403010
220030
420202
3000103
2310100
103012
1313002
1030222
42004
2003011
3110230
3202120
3031021
412300
3031030
1400023
330040
1320040
2203120
1301302
2000212
203212
130222
21202
301024
3240100
401320
11023
300142
3100003
4001032
2020321
3100
220204
3010012
301102
223003
123001
220231
320122
2302030
2002303
230203
1042003
2021302
404200
14023
1303000
1033003
1232200
3122200
3120130
3200041
3004030
2201203
421003
203104
142
244
3001033
2010220
200440
1203130
100300
2010004
14002
1100323
3042100
2021203
2030104
2004103
402004
132040
21331
20341
3100213
4320010
2030023
2403001
1332100
1330012
20032
1020004
231010
4220020
3031000
2103031
20203
3430
2001022
3020302
330100
2200120
2014003
3400201
3011032
2213002
30340
3201202
2002012
231310
22222
203020
200422
2301001
1020001
400312
122032
320011
1120030
20140
122200
30121
2000320
1000333
2202031
204301
3021310
4002103
2400013
430
201310
3010240
4100203
2020402
1010020
2001130
3040201
43120
3002410
2200201
1003123
21043
113200
3300103
4010020
2020132
123040
104002
200110
43210
1233010
1003420
413020
20122
2300401
2020210
1002202
401032
221230
210040
103204
4300300
4100032
1321030
1230103
1013002
1103002
102100
3014002
3301030
440020
4220002
3301300
310030
3000310
1231030
2010013
3421000
200104
300232
1020403
310
3012130
3002140
2004400
40042
2202301
1010200
3041200
304012
1222300
1303120
210403
310102
3210010
3100123
143200
11200
2023030
1030303
2313100
2222020
1200040
1002103
202420
4002100
222010
42022
2000323
132220
204400
40312
1231
2022031
210232
3001012
3013003
3002023
2231200
2110300
2303011
2200204
1043002
2220301
212230
1420003
1340020
44002
40402
31123
2212003
2201230
323101
4020100
2200402
322201
4000120
2232010
1030102
120004
200221
1300003
3000004
430300
2010130
2020000
30214
2002330
334000
44200
2032030
1332010
3310
42301
1233001
2130100
233011
120010
324010
12100
3310300
3033100
4020013
1032010
1013023
3102103
101023
2303200
1310023
3103012
201040
4000012
3320110
22402
3002401
2104300
1023220
2012302
101230
203041
1430002
332020
1032301
21004
240202
201034
31120
1213
2103301
31132
1220023
13003
1400320
2201200
1002430
3120013
31420
300412
1240030
3121030
3210301
231400
13021
3001204
4420
4004200
2003041
1000213
1000300
1202032
2302000
3043000
300310
300040
3202012
22102
3204010
120340
1302310
3131020
310321
3010033
2002300
3003400
1320013
1000231
231220
3000421
103330
34
3122020
3102001
221002
303010
2040202
1000021
103222
2041
3223
103312
3020023
30403
311200
2220022
1012330
1023040
3100042
240031
134020
3002230
401200
302212
2032003
2240002
2200321
3103102
401002
3000124
3001303
3003103
320401
1010302
2030041
4021300
2410003
1132300
2103022
1222
3010030
2310301
330202
1030210
3010
201013
323020
10330
231100
220042
100402
300121
3211
2130301
1040230
3230101
4003000
3200002
220132
24031
2120002
1012033
240400
102010
100102
21040
1030201
3001120
4210003
1000003
300133
2003221
1003
231040
103321
1040023
32032
30304
240103
223102
400000
2100301
2320
3210310
211033
3103030
3401020
3202210
201430
4021030
23302
310012
3001030
2000314
3130120
2104003
302023
1033102
3001321
2020003
40012
4222000
2000134
210430
1300021
3201100
2003230
2103220
10030
231202
230122
2220031
2101033
43000
3123001
3010420
3010213
22213
4000033
2013400
3240010
3010231
302041
3001300
3142000
402010
201400
3012220
23410
13222
301201
1023004
400204
10240
3020002
3210202
3011302
3022012
320140
22120
402100
101320
201202
4312
2422
3340000
3000100
303022
212320
300013
202330
2022004
4030300
4023100
130300
1100032
3400012
222130
10003
1004230
32410
1223200
1204003
102103
1420000
2101300
1032100
2032102
2010010
404002
320110
2330011
2031310
120202
203311
23041
1002331
3201103
321130
3303100
3003310
1100233
2002201
1002013
2000431
231103
3200203
1013203
1003024
3011203
4201300
3230011
1403002
1222030
330220
200203
420100
4300000
1200400
3103021
130120
3012100
1201033
2003104
321022
10423
3002203
2020201
400420
14230
2302210
2200042
40021
1022320
1013032
30013
3221020
1201003
23200
3100021
1302004
1013230
2000044
200143
200224
3011200
133030
400024
420130
103123
311023
330013
30220
2030011
3213001
2302003
1403020
1032220
3124000
401023
4210030
3302020
1200100
300223
2010223
132130
3002131
3004003
3000301
2202130
1102030
123103
12301
303004
400210
3030031
3202030
4000123
222022
203410
40213
302020
3113020
4003021
223021
230104
1130320
2030311
2340010
240220
2304100
11320
3032200
2030410
2030140
2332000
333010
2230201
2300014
1200001
3220102
313201
2030401
210400
1102303
31222
1243000
1040020
2021320
1021033
123031
2202220
2004040
201403
100123
13120
402202
222031
301012
300112
33112
1120000
422200
34201
232021
1002322
213220
12310
3030013
400303
2002132
402031
3300211
2203003
3120103
222220
403003
1200331
2020240
1030123
210322
3231001
402301
3400300
2202202
1032001
3130210
123301
231022
21322
4302100
1030321
3101230
101302
2230120
311230
21310
1132
2400400
1010002
1031302
3030100
3110200
222310
3011002
22201
4000003
2103103
2031013
202222
3040210
2203300
3010300
1003012
3132100
2013310
123013
124300
13402
10132
4210300
4000021
2120230
203032
1200223
2300113
13024
20221
30124
230401
4300120
3020011
1330300
4202002
2400004
2104000
300130
203221
1030024
2220004
222001
132031
3010201
10222
4030120
2210230
2210203
3230110
42400
201340
3021202
32011
1303102
1300102
3200140
23113
4231
1130002
100
3000313
3000304
2401000
3020401
321004
24040
2040013
3300202
3200020
1003003
2431000
130033
2102302
2300041
1000201
400231
4100023
331300
1023400
3004
3101020
2341000
230032
112000
1220230
3412000
3200023
2110000
4022200
310330
1120033
3102400
3033001
2003302
303400
32023
2002231
3023020
330130
2100310
1012003
2003140
123310
1100020
1003120
104203
10402
4200400
1340002
303310
202
410200
3002311
32140
2101303
232012
4012300
2320201
2003113
3120310
3303010
2210002
2212
1000024
230014
3020221
1030420
2230021
203230
1300012
231013
42001
1323100
13300
2010043
403021
234001
3011230
2231020
1302031
2031001
1020130
31204
3220030
1300321
1003240
421030
3310021
13201
3230020
1032103
312100
22231
23311
4213
4013200
1430020
1042030
210310
130213
4002004
2200213
2332
113203
100240
321010
304
2203201
3012400
2101030
13000
204202
2401003
1400020
33301
3102100
32110
1102
2030032
2013040
2001223
212020
3021004
10324
4204
1240300
32002
2010232
4300030
1342000
2322001
2130400
2100313
3010021
203401
3210001
3010402
3000001
221200
320200
1230130
230302
2004301
232
200011
1023010
3122002
220021
3040012
3031012
2221300
11323
2312002
230041
3200302
2200210
420103
240100
1300123
2001232
200041
340102
204130
2310022
1103230
2100034
2010310
1030132
140320
230410
102430
3004210
1301320
2034010
30232
122203
200101
310222
142030
3000232
1320010
2130022
2201020
3032002
3020041
312400
23014
3230002
2301031
220
3110203
413200
3042010
21400
2100304
2100004
23023
210340
210202
124
313030
330004
2013100
10033
2132200
40330
1010032
3102031
4200103
2001043
240310
24310
210130
2123002
1310032
1103203
1100332
2021200
1031032
13012
102022
3002002
2400100
1230100
310033
3231100
420220
130210
3020101
20044
4200130
3032020
1020400
3320011
20041
331120
4240
1102300
3420010
40204
33130
2000131
40
312022
20101
3031210
2200021
2004010
120223
10342
421
241003
310312
21100
2310202
2320021
420022
243010
123400
130204
320014
4000102
3023200
2403100
1320100
213013
2330101
2002312
3102004
1230400
13033
113020
3014200
4310020
2301130
2013022
1030042
3201040
312004
1202020
1030012
440002
120301
13123
322003
1030213
2000440
1000342
4010002
322030
300400
1020322
130420
11233
3002041
3310003
1132000
30100
1004020
312010
11332
3322000
1210003
2031400
2013010
3020200
3020230
303301
2040310
20233
4130200
40303
120322
42040
303202
1020232
3132001
204031
2322010
2220220
3001021
41203
3130300
2200330
2003200
2003023
303220
2030131
200410
31021
300022
31003
400240
400201
113320
130132
342010
4200100
2023003
1220200
2130310
1031200
1220002
30202
430012
210133
40102
3010330
2413000
4200004
3322
312103
12103
3003010
2133100
1310230
1230031
3320200
2311003
110023
101203
3022030
1103023
34003
2011330
212002
3010132
2200033
2430001
1200013
1033
2012002
224002
214
2013301
313012
300331
1020013
410302
3330010
3013300
234100
2330110
2110303
2040010
1002043
10204
3200200
4200301
1203001
312130
302014
2000233
400042
203011
3040120
302113
300340
1004002
223210
110002
12232
4003210
3100102
3100312
3012310
1200310
1020304
3120400
10432
31213
203203
400
221302
23011
133
2300200
2020033
2110033
2202310
2031130
2302
3320101
2020303
131320
2003101
4231000
2313001
2202004
2024002
20002
1001200
2233
320041
402130
200431
30112
424
4132000
4203100
2102200
2020213
2000011
421300
14200
2331100
1020031
123220
130102
312031
32401
400033
2301310
2032300
43030
3102301
1120
4004020
2220400
2020420
2402002
2140030
402022
210034
4310002
401020
210100
203122
34021
4002400
1302100
2202100
1001020
40420
1320004
4330
3304
120232
210313
2131000
1331002
1320310
300403
3222010
410203
104023
1312000
1103200
43300
142000
1123030
2220202
2102002
1002133
123100
220240
1003312
3241000
4000204
2034001
322012
1001233
3102013
322102
1001323
2002024
240001
12031
214300
324001
311020
110320
314002
20401
2122300
1020103
42013
3003001
1000423
3214000
3131002
422002
104230
2203000
1300330
4100320
301
3201301
3310012
3002110
304003
2101330
1300204
2030122
1001230
230140
40120
1301002
3101203
3101023
123004
40222
4002031
343000
220102
1322200
3003022
130000
20332
30034
3000013
1233100
2001331
122002
101020
1034020
1303
3410002
30130
310024
3000202
100333
2033110
3212002
204220
3013120
3002113
4102
4120000
30313
410020
2002003
2210200
3410020
412000
2410000
1200034
1002400
40132
4132
2130031
12340
12022
331021
2200003
2100043
202123
100204
3421
2310400
320023
1000402
3013102
1133200
320230
2100400
1033120
201043
1213000
431020
312013
3002122
4130002
4002202
1303012
2220100
303040
420310
2230030
3202000
30412
2031004
1
3222100
3220120
3021031
301033
301003
2034100
1020340
42202
220420
3021010
310420
320131
2041300
3020410
2320210
2031010
2122000
2230210
403201
241030
120310
340201
2420200
22030
1001320
320212
2341
1430200
1000432
123130
2203
1302301
30301
1020040
3402001
3101200
3100240
442000
3403000
4102000
140302
320221
3302011
1130032
1303021
32302
21430
1300231
1004320
10213
4202020
2310013
34030
2011300
1020034
2020
1103320
1022230
23002
3200011
2000422
103042
2300302
2232100
1120330
2010034
2000143
130402
204001
32122
2003311
1000204
12304
1400032
2131300
2020231
1020301
32212
1130230
2013220
32113
230110
3310120
32131
4100200
3031102
2030020
1102330
134002
2131030
1302130
1200004
3010102
2413
1040320
1000
3203110
110233
304021
3000430
2120032
2000242
13
3021001
3020311
23203
3130201
402001
310240
40003
3200230
3300310
1021030
10021
3000412
1240003
2321200
2220310
2032120
120400
100024
4200202
1400200
3220210
12133
4000231
22033
402013
230101
203113
2301103
1300201
30223
430102
234010
3001213
4402
1320022
1200301
2010322
2022310
3102310
4000402
1031203
23020
3310000
230320
2310004
312001
3200320
330001
213031
202021
24100
3301000
4301200
1000030
303100
2300122
2200102
1010023
110230
2040040
3400
3340
4201
1003000
1013200
33031
3213010
104020
321031
303031
1002313
4230010
2003203
1203100
2132002
2310103
1030
3220201
442
1020043
240130
220120
22312
2201032
3402010
3310210
3103201
12130
3001123
3001201
3100402
214003
313120
4042000
2223001
2310130
2022040
30331
2002102
143020
3202003
1321000
2040103
1023130
3331
3133000
222004
210223
3024100
312310
1324
3400003
1043020
3100204
210013
202231
3010312
1003033
2100100
14203
3020104
1020220
133120
30031
3400120
3001240
2242
300124
33310
3123010
3300121
1123000
2300320
1400203
233020
1300120
4033
2022301
2004004
3130
3140200
21301
2103100
1024030
42100
3301201
1003210
102220
1210
32020
1001332
3104020
3402100
113023
201010
3000031
100312
2300011
41302
1102033
100243
302221
300202
1200202
3110032
101233
300421
2401030
204103
224020
340021
1200313
3113200
13213
2312200
200002
23401
2320000
2320300
1300240
3201310
222202
24301
3133
3020020
2110003
2010400
1003021
2440000
213100
3024010
2230003
1203310
300100
1032130
310231
2314000
1230220
103030
2024020
102202
14302
1230040
3300001
2302012
3101302
3301120
2030203
403300
1202203
2003401
3102202
210304
4022020
4013002
2302021
2010133
410023
102304
302302
1002232
412030
3112
3013030
220300
1002130
334
120430
3031003
3030001
1310200
1300420
1000222
3120010
242020
321103
320410
1331020
1201030
2040301
3012010
4020103
1400230
1200031
20302
31102
133300
3112300
2310040
2031022
2013004
2000041
410320
10042
4102030
2400001
310303
2044
1303300
331030
3200131
102130
2400022
32104
3010042
2023000
4001320
3002101
400330
230230
2012203
121000
3012004
4210
420001
20011
3300220
400030
1232002
1200043
31030
3130000
2001103
122020
30211
4000240
1301032
3200410
3010204
402040
2213020
1230013
1000132
3100132
213202
1033012
1002223
223300
2022202
101032
3012013
3200401
3010000
2000020
1023031
102013
2022220
2030101
130312
101332
31042
4320100
2031301
3220012
4300201
2001010
3311002
1312
4020010
1420300
1204300
321310
1203202
10000
223000
432100
342001
340012
12223
1033300
1202320
32230
2030110
310021
3022300
2200420
34210
2013013
1000243
211030
2123020
2320120
220303
2001403
12400
13102
3003220
3000400
1420030
2320012
3201013
302140
4021000
1331200
320002
3112030
330031
3102130
102001
4100002
2200222
11002
4030201
1021300
410002
1010230
122320
3300301
203320
200023
300031
1023001
2010313
102223
4030000
2002030
2400031
2103202
2100133
121300
2030200
2011303
2020042
220024
202024
1423000
3204001
301213
4102300
132400
42103
2120203
1024000
2031031
320311
1021
331000
2310010
1302040
402310
20431
2000122
4321000
302101
3004000
232000
2013001
122023
321001
310201
24130
4203001
2032012
1002301
222040
331012
301312
22240
3302200
1403200
2103130
142003
222103
230131
310402
1201
1030003
2223100
1040032
2200
3430000
1021000
2003014
223030
1132030
1320001
2100130
3312001
2404
31000
4033000
2100031
2022013
120043
130024
3021400
2143
1300030
1030030
1123300
130003
2000341
400213
3400030
300313
23320
3321010
3100000
2103400
2102230
2301040
43021
1322020
1130200
2001133
3103
243100
32014
1330120
1040302
403210
102043
3312100
22123
3001222
2303020
2100022
1033201
3210400
41320
4040200
4021003
4002001
100000
2302102
222013
312202
2340100
3110020
3101002
3223000
304300
1023100
2003122
12202
2431
3000241
1132003
2202001
320302
2040031
33004
240013
214030
1321003
400222
20404
300241
300211
300001
31
201100
211
3002212
4120003
2000221
3212020
3231010
3104200
241000
3022021
1240
2303101
32200
22303
2000140
221032
4012030
1220020
133102
324100
4201003
3032011
4004002
1013320
20314
4020001
2203021
1102003
112300
210022
4230100
4000024
2042002
133021
301222
3420100
4300102
2300023
4023010
100120
1320220
1001023
3001
4001002
112303
212032
220012
310000
202000
142300
41200
20311
4032100
1303201
113302
3001210
4300012
4003120
1123003
1002220
113230
130201
4000
124030
233101
3002200
3112003
3110302
231031
210220
4003030
120133
120313
3003121
100003
1023310
1001032
24013
4030030
204100
21022
1432000
202312
3021022
1003030
1022002
3201022
200122
1002031
343
400402
221320
103201
331102
3040030
4020130
303130
1200322
100432
22012
20242
31033
1004200
301240
112
3034000
4000042
2122003
1202200
1203040
1003402
10024
3121300
110020
412
3030130
3000340
2113000
1320130
3131200
2000203
303013
1300132
1000324
13210
1033030
2000023
1402300
2001430
2042020
1001302
133201
1300
21232
2131
1231003
1230301
2202013
2014000
3002032
1313020
3211030
230113
202120
103240
4200013
1100203
1031230
2001400
3220
301204
3003112
2242000
1032022
30010
204010
3022102
1300303
2100103
1020100
3043
34012
2131003
2040130
2001100
4312000
3030301
3002302
2120302
2100220
4210000
3003031
2400310
1234
4204000
2200030
2113300
2120320
33220
403
131200
4103002
201304
2311000
104200
200320
1001002
3200113
3032101
4300021
203002
2032021
1030204
3401200
132103
310204
3400000
3230200
4024000
1003330
1032400
1002001
201103
2440
1220320
1320103
1301020
120013
202213
23131
1000303
1210000
2101000
1300312
301123
100303
3210022
202201
2140
3300031
300430
1200403
333001
1332001
4301020
2233000
4013020
2323000
130240
4000420
4200031
3000331
1133002
244000
304201
3124
2303002
210031
2023300
2212000
130030
32203
2012023
3012031
1000000
302032
2001301
1203031
2000311
2000014
120001
3021040
1230001
33202
100021
23101
2000110
3200221
3310102
1021003
3330001
2020300
2310220
2103010
2301010
200032
1021330
3103210
132013
202042
202012
3013021
40024
4301002
1203013
10300
340120
310210
304102
3030310
220033
1203103
1003213
130123
4030021
2300311
312040
4123
3003040
1302001
2002420
341200
2410
2100001
3300112
2404000
322120
304120
433000
330103
2023012
2020123
143002
100042
3021100
3100120
201004
300322
2100223
30040
2000104
2210023
2043010
1003321
3034
131032
4400020
2203030
102331
3021220
2221
33211
2030302
4020202
303121
333100
30133
3100420
103120
3022210
20134
2401
202303
2300101
2010403
320101
3000112
2100430
3112000
200413
1333000
1220203
1300024
20131
3100030
2022130
213004
20224
1320202
1202302
321100
20440
10312
110200
2314
1232020
2010001
3201010
201001
3020131
21340
2300002
2401300
2002123
3221200
12331
12043
4010320
4020301
433
220222
2200132
322
2000101
21130
330211
4030210
1200022
3202102
103003
233110
132202
31303
1002010
432010
200014
320104
4222
1402
4003003
1200340
400120
302401
4130020
1400302
340000
1200130
2031103
3020032
2103310
3110320
240301
12004
4030102
201322
42130
302410
3300013
1000330
203200
2003212
423010
3301012
4000303
1042000
30322
12430
2400301
232030
10120
312220
310123
301303
2104
1004203
3103120
4002040
1020202
3210040
3023011
232003
1310302
1002403
4200001
2020330
2023201
2023021
