3001040
100400
41300
40103
40001
2300003
1400000
1200032
103040
3104
320030
2030102
130202
33200
1000310
103220
103031
100010
3300200
2103200
1203002
101033
22103
10103
1010303
220400
220001
3001022
2000042
302012
30122
1300310
2020220
3003101
110303
200321
20204
3212
41
1003301
2002103
401000
3001013
3002
312200
130100
41030
3300101
1100003
2022002
313100
102023
20240
4220000
1020320
340001
23003
30002
202130
33110
212
2033000
4022000
300302
1000013
221003
320120
4010300
2130020
20
201230
301202
4013
4000001
2301002
221030
311
1010033
10400
10010
2210030
3201020
2100200
3200201
3010010
2000303
4000031
2210300
2020022
3020021
400301
341000
2102003
1022003
3010301
140300
204200
32012
3400001
3200120
410000
310400
22220
2240
2021300
2031002
3011003
300113
200012
1330001
2200103
310022
1000001
130310
31022
4310
1202030
3003110
2002022
4003100
2001002
212003
130301
32102
3140
1223
3102200
1001330
3000041
20012
3001310
123020
103013
1000202
103022
10004
3000230
1430000
2004020
2003210
3001220
1040
4100030
3000200
1030040
1403000
400310
2100002
301103
431
10001
13202
3014
2103020
113000
202022
3101030
1031000
2020001
220010
100430
21230
22001
30113
332000
320300
1301003
1000043
200204
31130
10301
1220000
2203001
3012200
100031
3200000
2030120
331100
2031020
1032002
1030301
30023
110330
230030
300032
1013030
202310
20201
30401
3122000
2203100
311030
2420000
202001
300014
10403
1400030
2200220
2001320
1030400
1001030
1000010
201023
23201
2240000
3311000
2201000
30212
310004
20123
134
4030001
3003002
331010
4310000
230
10220
1000430
1000232
120200
3001130
13100
3102020
1100303
3031001
101030
300041
2123
3002000
201203
301301
30140
1130
104
2002001
40301
14300
2002301
340010
210200
310001
101003
3210002
1103003
1001000
1331000
203030
200042
3203000
3130001
1023020
2001230
2003102
2000240
3100220
2200004
1031030
2010302
3002021
210023
301022
11033
2400002
1223000
3010310
2021
13040
2213
4030010
230000
1230020
203201
300101
13400
1030202
232001
203021
1232
3003200
3131000
302102
2200202
1040030
40040
2032100
1023002
3001400
3001010
2003030
2120003
3100040
1100033
202220
202040
3310010
1303001
300203
1030022
212300
131030
203210
4020002
4000202
30032
1002230
3000410
40202
13103
1300010
3300011
2000
302
320003
1300301
3100301
30101
3020000
1301300
3201002
2321000
1130003
2200301
2020400
311300
4000400
3400010
2120000
201020
202031
10130
202202
31103
10043
3311
3040100
2032001
220031
2000102
12320
31010
11
2312000
3200012
203
3000320
3220100
2002100
2030000
1302002
2420
143
3010202
100043
32210
2
310202
3010103
1010003
3010004
332
1203200
3041000
2021003
200240
2001023
220130
120002
2020013
20021
2102030
3020201
2020010
101000
301004
3030002
2400020
1002302
2020202
1000340
130040
100223
1001
4031000
3030200
2100320
1002023
210302
104030
101300
200210
2200010
32030
3012002
100013
130010
110003
201320
22013
1302020
3021200
1000100
10013
2210000
1200200
31013
13130
10022
3110000
2010002
3003011
2320001
3103010
2200100
1013300
1003010
4020200
3002300
2231000
200201
10331
3000311
314000
230201
1000322
222200
100301
2300201
1010330
2030210
100322
200123
10340
1000004
410300
203012
210002
102020
30131
2302001
30020
402020
1030310
422000
143000
21002
302000
1300004
23030
2001200
1002320
300221
100004
3200003
1230200
3101003
1004030
1003130
102200
14003
1220
3000002
1013000
1034000
1031
2020103
300401
24020
4300001
3002003
1100000
222020
3000023
3040010
430001
2120030
1303100
4022
3302
3020
1002002
1003031
140000
210230
20102
1202
1301030
3011300
20033
2030021
2001032
40310
3410
1130300
300200
1030013
413000
310220
3100010
2300021
20030
3100130
1020023
3000212
132020
4004000
2003003
2301020
1020002
400202
2130200
3202100
2202002
1304000
200030
3013001
2002220
401003
3302000
2000030
2210003
230210
303101
41003
13220
30110
20222
2100203
113003
103202
1003004
1310
12023
10133
1033001
3001301
2033
1030103
3000221
140030
320000
3212000
3100100
2302010
2021000
1003100
3002201
310040
3410000
2320100
3120020
31031
4202
21020
323000
2012003
1003310
312020
313001
103310
13004
2013002
3020102
2000201
2000402
400022
3122
341
2320010
2102300
2030012
304100
31202
2003021
2003
321020
1103300
1100300
1300202
3022001
2000000
3023000
4001000
3203
1001033
231002
3221000
3014000
2330
1023200
2020031
1003220
110300
10313
2300300
4040000
2123000
231200
210320
320210
20213
30104
3110300
3021020
3000101
30014
2000024
400001
321200
220022
300212
2000300
2012000
3010013
34010
2000003
20303
2003201
2204000
3200021
3200030
3130100
3110003
2003120
302120
122
4301000
2030030
3030011
224
1202000
3013010
22031
1003400
2002013
113030
110030
3000203
2402000
1010300
110033
200402
300311
3011
2301200
1003001
131300
302003
2022200
1030220
1000313
340100
4100000
2030300
1202300
101303
2004002
3000104
23
420200
400130
300230
2200001
2004200
202400
2120
1002032
400220
400040
132200
204020
100310
302300
2200031
323
230021
10100
4004
3002030
1232000
1022000
3310100
1000022
1200230
3002012
1003103
100130
1403
2000222
223100
331001
202004
200213
4002020
1400300
3010040
40013
2000123
223010
40400
303002
1100030
3030101
410003
400004
3101300
3103100
3301100
30311
103001
40010
31220
3113000
3012020
20120
200222
13301
1320020
1010030
1030001
120032
100403
131000
311003
310100
310301
13031
1010
1330100
1032200
2020004
1013003
102230
3000014
130130
210032
104003
13010
200303
2040002
2000204
240020
223001
130400
1130030
203003
2012300
4001
422
3140000
2230001
132002
3110
3020003
3100400
221300
100331
1020230
2010230
240002
2031200
40031
1301
3300002
233000
2100230
200300
321002
11330
103130
3003020
3010220
400031
2200022
130031
200000
1330010
1203020
1003040
2300000
3020210
2020301
2000213
230102
3030020
1020302
2303
2000321
230120
310010
31100
4200200
1310300
3100202
1022030
3031010
1030031
1000403
224000
2300030
4003010
230300
110
202103
100313
11300
2000231
1103000
3100310
3230
1001300
4001003
3201200
1300220
2013020
1002200
3002210
3200300
3101000
2200013
110000
213002
22400
2210
3101
330200
2020310
1000031
1300400
430100
213020
24002
23012
3020030
2003000
2310020
30041
4040
30302
220013
1304
2000033
203000
300320
1322
1022
1020200
130013
20132
2132000
1310003
1033010
2300
1000133
3000122
3000011
220301
2330000
4013000
1200020
200312
2020130
240200
413
130220
100220
10304
2102
3120200
2200310
400100
1030004
133010
123002
330011
1034
2400200
1313000
300020
1003202
1400
1300022
2023100
3010100
320201
304001
102032
30011
242
3230000
4000010
140003
24200
200033
1000304
122030
403100
131003
44000
21203
21023
3000302
3022010
33002
1000034
200132
10310
131
203300
1300013
3001100
2204
2000132
301400
1331
330110
11000
3100022
20330
440000
1130000
2010023
213200
301310
4031
1100
314
2203010
1000040
420002
1000220
20210
200
4010003
2042000
2002202
23102
22022
20321
1133
2222000
1220030
200003
40130
1303010
311000
204002
202010
303011
100100
2030003
2220200
1103030
1033100
303110
31310
1340
4010000
2300210
2200040
1020032
1004300
1000301
22040
1220003
3202010
1200302
4000013
3030110
103004
21200
1202003
32000
430010
23300
1030100
34100
33011
4100300
4030100
2213000
4000301
123200
1313
12032
3100103
2023010
220103
3220010
3100004
2321
3113
3020300
4001030
1310000
301040
202013
201002
31004
2300102
2000420
220220
410030
202100
31001
10031
1320002
2000312
431000
31301
2202200
3102002
43001
230012
2130002
233
122003
4400000
2000330
2220002
13310
13001
2132
3310001
300002
100202
3010400
30203
22100
2231
2003300
3200
300122
4010
4003001
14030
21032
302021
21320
2310002
1020203
103400
1013
2100302
3000140
122000
3001004
330002
3001001
203102
222002
320012
300110
13022
4000310
3103001
2100023
3001202
10034
2120300
2010200
1004000
3000113
130001
33101
1100330
2300012
2003012
20402
401
2310200
320
100340
1001003
130004
4400
3041
230003
1302200
2024000
3202001
32003
220040
301130
2201300
20300
3001103
122300
232100
100034
12302
2402
20000
1040300
400013
221
10040
20042
140
103103
11303
11030
32021
4002002
1340000
1002020
310130
103301
3210200
2001020
403001
312002
301100
3320000
3011030
212000
42200
23120
13013
20420
44
3011000
32
101330
3031100
2012030
3023
3000401
120320
3000020
3200210
300023
102320
14
200330
2300120
1300031
2013200
33020
1400003
1133000
302030
231020
203120
100040
22010
101
3010031
3032
3001031
100022
43010
40220
4220
2002010
3000110
103100
3110030
402200
1300103
310031
2021030
1004003
200024
22130
404
113
3013100
1003022
2002031
120302
14000
20231
1310030
1300100
2010032
23210
3104000
1022300
2001302
100103
40100
3131
3400100
3004010
120023
32120
10322
4103000
102203
302201
120203
4202000
4000220
2100032
401300
320021
104000
1322000
2102000
1200002
2040200
1040003
3010001
1002203
2000021
4000004
3401000
3301001
300104
40004
2042
32300
2001203
403010
220310
12230
1220300
303200
2302100
21302
2222
440
200420
100001
22310
2201
2230100
2002130
1000130
30221
4200002
20003
300131
3032000
303020
322001
10232
2024
1200320
1031300
12020
42002
3220001
3022100
200231
102002
100304
1430
410
3200102
23000
301031
2020040
232010
11003
4000022
1031003
2010020
1001303
2030
133001
2200130
3020012
2002310
2002040
31040
4100
4300010
2220020
3002120
4301
4100003
201302
300011
3010022
2002400
402002
134000
310310
4001300
2103002
1300040
210020
300140
2023001
2030201
400103
210203
1200023
3100013
1300001
301010
4130
3221
4000103
3100001
404000
22004
2312
4000100
2000012
12200
3004001
322100
32201
3210020
2100020
3100031
220202
330101
301001
43100
3000032
1200203
1030010
41000
1103
130103
202301
200021
2032010
400400
113300
201032
300410
1010000
30200
304010
3010130
31400
4130000
2201030
1030130
1000331
120020
12002
1040000
2002004
1000223
10202
3021002
212030
322010
23021
3401
4002200
1003013
22202
3300110
30320
102302
3300020
1032020
320102
313010
104300
200120
42020
10430
4000040
2230010
3000131
34001
10223
1043
4010030
2201003
2000210
400010
221000
20024
2040020
2010203
1020020
1000400
401030
133100
200102
1230002
1301000
2020100
2000120
310013
3301010
2022020
2010320
3004100
4000130
3120002
1300130
100133
12203
2012
1043000
130022
103010
3002102
420020
120230
201200
4020020
330020
30230
3040001
302210
1004
1320200
2202020
2200400
301013
4300100
220100
301220
3320
242000
30410
20312
4103
2303000
3130010
3020120
220004
100232
40022
22301
4200020
1000103
310103
