1011021
10041
3000300
1200003
1300110
20100
3021
1131000
3210
1011210
200202
1010001
1130010
1010121
1410
1010220
1122
100002
311100
111300
102021
31101
2210100
1002
3021000
3110100
1000014
30300
10002
1000212
11112
4100100
1002030
204
212100
122001
2100300
2002101
1201200
212010
120120
4101000
3020001
200310
20211
2102010
10320
30012
420
1110012
220101
1203000
1302000
204000
302001
1010100
1102020
2012010
131001
2200002
2000004
1040100
1000311
210030
1103001
2010102
2121
20010
101112
300102
2001120
11103
3003000
2200101
2000013
1000104
2000310
1030110
101010
102012
1101300
1000230
1012002
1210011
1101012
1104000
1100010
1101021
101004
1010112
101310
21210
2310000
1023000
121200
10014
320001
2000220
2000112
1021110
103020
2100
2002110
2001012
111021
1012101
1320000
2100120
200103
2021001
222
3000000
3000120
111201
1103010
3010110
200013
112110
200022
2001000
40020
220011
11310
10023
110013
3111
3100110
110010
4011
110211
2201001
2100021
1011030
1021020
112002
2000301
1300011
40011
2002011
102102
111012
2012100
20400
101400
2101011
301200
1003002
2102001
2021100
100131
123000
103200
3030
200301
31002
1102110
1100211
14001
2001030
2010012
21
140100
1111020
310110
211101
1210002
1000320
21030
20202
2040
202200
1100103
1022100
1010031
1130001
4010001
13200
1140000
1301100
2000121
21012
102201
2300100
3200010
2210010
200220
30
130002
1001130
410100
401100
102210
1100004
1010013
211020
11211
1000023
132
1201101
30111
1110030
3000201
1010310
2011101
10221
1101
130200
1100100
200130
213
1112010
220200
102000
1200120
2000010
11010
1220010
100020
1003110
2031
141000
40110
2101200
102030
3011010
20220
1001031
210003
100200
2001021
1200111
101130
201111
3010020
300201
200040
31020
2001
211200
101103
1104
3100200
33000
1021002
110130
3101001
221100
310020
201102
3000003
1110003
1200201
2101110
1311
213000
1103100
120003
400110
114000
2202000
210021
10104
312000
30102
3001110
202101
1020000
24
1210101
100212
13020
220110
101100
2300001
31011
1041
120111
2200020
1000101
12102
3012000
302010
1201011
11031
211011
30003
3000021
100140
1011012
4110
4101
3010002
200010
12000
1001100
13101
1032000
202002
121002
1100112
1100310
3
1001001
201210
402000
2310
1002012
23100
1010004
2301
122100
2112000
400011
101031
1020111
2100030
3001020
12
111003
11301
13002
1002210
1020
2022
2211
114
121110
1101030
20001
1001022
411000
401010
4100010
102003
33
1000221
2011110
2111001
1113
303000
300120
3100101
2020011
1002120
4001100
3001011
110400
2120001
300210
1100220
1021101
2102100
2001003
20022
10230
1110300
20301
101211
4110000
3200100
120000
1020120
20103
1300101
2020110
2110110
310002
140010
1011300
1001202
1120011
121101
3030000
1030020
10020
1004001
2220000
2010000
210012
1110021
2100003
2000100
32010
2001201
310200
2201100
1020012
123
221010
1221000
31200
120210
1113000
1000032
1020300
2030010
1022001
3120
400101
1200102
1211010
1202001
1000011
101013
131010
110301
10410
1310010
1002000
2100012
401001
1210110
3200001
3000102
1310100
1040001
2010210
1001310
121011
20013
1021011
10011
110121
1011201
10311
3102000
2110200
2020101
1101210
41100
320010
1100013
300300
200112
4002000
1300200
1220001
2001102
2013000
2001210
12111
1010040
103101
1200000
4100001
30210
3001101
11220
112101
4000020
3020010
1020003
100203
1004010
23010
1110
411
201030
1012200
1001220
1001301
240000
1120200
3011001
2103
2111010
1400010
20004
1000131
210000
2022000
2101020
210
2000400
1140
2130000
22101
10401
1101000
100014
230001
1003020
100320
1020201
110103
1212000
3012
10140
1120002
30021
2121000
2110020
3300000
22020
321
1121010
1012110
1031100
1022010
101001
1100121
40101
400020
1023
14100
4001010
1102002
1013001
10203
1112001
31110
2112
301020
211002
210120
100221
42000
4010100
200400
120012
32001
112200
101121
1122000
4000110
1100001
1102011
11022
2300010
2003001
1002021
104001
402
102111
110004
12210
11004
2000001
1012020
2202
3000111
42
1131
1311000
220002
1102200
1001103
110040
2000022
2012001
203100
1000302
10212
3110001
100302
2400
11202
1130100
23001
1320
110310
301011
120102
2110011
30030
2000130
1011000
1031010
10032
1012011
10113
2201010
3003
20130
2010201
101220
12030
22002
3201
1000140
100410
200211
300000
2100201
2011002
3010011
4002
1111002
231000
3020100
2002200
1010103
1000041
102300
303
100110
2100000
4000011
100401
21120
2040000
2011200
10302
4200
2110101
2400000
400002
212001
13110
20112
1011
211110
1401000
132000
1002003
100230
21300
1030200
1200021
20031
301101
2103000
1310001
2210001
111000
1101120
30000
210300
1001400
22110
4010010
110022
100122
4001001
200004
10200
30120
221001
1031001
111030
110031
4020000
2020020
201000
300021
12300
2100111
2011020
111
1230000
2010300
202110
300
330
11001
2120100
2010003
2003010
130110
11100
2011011
2010
100113
21201
1302
2001111
113010
120021
21102
420000
1300020
1002300
1101003
2013
100101
4011000
3000
1000110
112020
110220
1100400
2130
312
311010
1121001
2030001
1001013
200121
10110
2010111
1100130
200031
1211001
310011
13011
2031000
2010030
1030002
2000040
1010010
400200
2101002
1100040
1001040
2002002
1021200
201021
3002001
2111100
41001
12201
3010200
1003101
1211100
21021
110202
1102101
20121
2020002
1000200
1010400
231
1000113
1002111
102120
2101101
11121
300012
2220
140001
120201
1120101
120
1100202
210102
1001211
11040
111210
1100031
21003
201120
1201110
41010
1201002
1004100
1001112
210201
130011
111120
2004
1000401
2000211
1121100
311001
1201020
1100301
201012
1301010
201201
3002010
3101010
1110120
2120010
1202010
1020102
101040
1011120
30201
3102
1003011
1000122
1111200
300030
1011003
110001
2200200
1020030
2004000
32100
110100
1002102
1000410
1110102
1300002
1200210
2000103
24000
1030101
3111000
3000012
1013010
103011
200100
310101
12012
22011
1200030
2110002
1040010
104100
301110
3201000
1020021
1101102
3100020
1010301
1200300
2002020
1001004
1011102
3010101
122010
101202
1221
3210000
3101100
201003
100032
1010022
112011
1400001
1202100
1013100
101022
141
1410000
2003100
200001
121020
101301
0
1210020
2000202
3100011
40002
12120
4020
2211000
1003200
203001
1100022
1020210
2000031
1230
14010
2010120
201
1401
222000
130020
20310
110112
1000002
3011100
100311
10122
1400100
120300
3000210
1000020
103110
321000
120030
300003
302100
102
10131
1001121
1101201
11400
10101
202020
2100210
2100102
4000101
1030011
104010
100104
1212
201300
301002
410001
1112100
1120110
1120020
100023
22200
11130
3000030
1010202
1000203
131100
4000002
3002100
1041000
220020
40200
20040
240
203010
1002201
1110210
300111
3100002
3001002
111102
21111
1220100
210210
100041
1014
2001300
1200012
1203
130101
202011
12021
2030100
1010130
1200
1001010
113100
21000
3120000
2301000
330000
4200000
1210200
2020200
230010
4000200
11013
3110010
410010
1110000
3300
2021010
113001
100011
2200110
1014000
2010021
1010211
103002
1301001
1032
3001200
2200011
12003
230100
320100
1110201
210111
