31013
312200
2202011
34001
22010
1130120
1100201
1013201
102011
20033
121103
1020302
4000013
123020
1012031
220121
3020003
314000
1020014
2001131
3121001
104120
42011
402200
1032101
10130
1002311
112013
103022
1200401
4004
102320
2040011
400031
1202030
3203
223001
210113
3002000
1010300
2004200
1002302
1042001
2011100
240101
110012
2300102
104102
3400010
2002202
1003022
400220
121220
2300003
1130003
3100130
1100030
1241000
2131010
2012210
3212
1330010
122
3110120
201140
341
1300031
30200
2001203
1122020
220220
103040
1002041
4100003
2401010
120302
2103101
31010
140210
211220
200033
1100240
200321
12023
111320
2101400
3110300
1041200
2041100
41
100211
311102
12221
2123000
1220210
220004
1201103
120122
1003220
4000400
1300022
2023100
3021200
2101040
1002221
113
2030030
211031
23300
200021
4112000
130121
1301210
320
1312001
2120120
30101
141020
3011003
31103
1011200
2002121
410120
3130010
2200121
1002410
3020201
2131001
23102
221120
101420
21212
4110020
2101001
31001
12041
2121200
2401001
200114
4120010
1023002
140003
113003
1004210
31121
1200002
411002
1004012
2031011
20330
2020220
2010302
402020
1020410
11420
21131
2201000
2022011
210320
3110030
300410
300113
40220
2400002
4001210
1101200
1103201
20012
330020
2000132
1102004
1001021
3010022
1340000
340001
2120021
110003
40202
2120000
21023
2010041
140201
120110
3001121
3002021
1043000
1402001
101120
2000303
2000210
1011203
20030
241010
1204010
4201100
3001010
1003004
2010110
3001211
3300200
1000400
1302020
4300001
1301030
201230
2011220
1001201
122210
4200002
2204000
2310011
1200122
2230001
3102020
332
301001
10301
1202300
1230101
2210021
1200113
3102101
124010
121310
132011
3220100
102401
212
3101102
1201001
2230100
302000
2102300
3040001
32030
1031030
2140001
4100000
122012
1000004
310202
2100101
30212
101024
203003
1003301
304010
1102001
240011
23003
2020010
240002
2221100
1003211
2201
123110
221201
3012002
2200211
1301102
311210
30023
130013
1012130
3122
44
2031200
100220
20114
430001
2102000
2104100
202040
2100410
11303
310112
1133000
3202001
3010010
1201040
1304000
221000
3020000
4000031
2001020
1212200
213002
1101230
2101301
22004
1300400
10022
30041
1124000
204002
2201021
12200
3000113
30320
34010
1142
3104000
4010120
41003
410102
120131
4130000
2021012
4003010
2020310
2004002
212030
301220
1430000
1210130
1010
110213
2200301
1310210
201203
42002
1031102
1012010
1004120
111002
4101002
21221
3010310
41300
1011230
1012202
10400
120104
101231
4000220
3300011
2002004
230021
1031012
20213
4301
1331
300302
203111
411200
1032011
20240
2302001
1010000
1000202
43100
1021031
2300021
3310010
1033001
401003
40040
412100
11042
3032000
3020021
1120001
200141
3012011
1030010
301022
21032
20021
3112100
1104020
104210
22211
120113
12110
211010
3020102
2122010
301031
1011020
1010312
30104
112220
4001030
1124
1010330
2000420
1140002
40004
21320
2210000
1003202
2000240
1010231
4310
1001024
413
400112
1022300
1013003
140300
2100221
1002101
1002002
1030202
1030001
1311020
44000
2132000
1001030
3001013
231200
1004021
1002230
1030022
323
201302
140012
220112
40112
2100302
1113020
2100041
2000114
4300010
10031
2001113
314
2021120
410003
33002
1104200
300104
1014020
1010420
1022
311021
2100002
2211002
40103
112103
210140
11312
11201
2131100
131000
1214
1030130
1302110
1100222
1133
12212
1202120
1303100
1023200
2000
3023
4300100
2010032
401300
404
221012
13121
1031300
4021100
2001032
1102010
2310200
1410002
30203
2003030
1310201
100313
3104
3121100
101222
3401000
1320101
202013
1012001
411020
400022
3310100
3030002
4030001
1301003
420200
200123
20201
233000
2210120
102230
2001011
1120310
2220110
301130
1202012
43010
1021202
12122
2001200
1100003
1001303
1100303
231020
2110301
1001210
242
40121
1223000
2000024
1020212
2010011
312101
13103
1040300
2021300
3004001
3000122
133010
1211030
202103
1400003
10142
1031120
3001400
1100231
12302
10340
420101
110402
3320000
1021001
1120010
1201220
3121010
1210400
231002
2010122
4000010
1403
1300301
3001031
3000221
2202110
101003
2100110
22130
111032
3000032
201110
2030201
3001100
1211000
3221
12113
3301001
2000312
1103102
40001
4100012
23000
3031100
3003020
3000140
1021130
412010
131012
4002011
1010012
111200
4202000
1130210
20210
1010132
120041
2400011
2004110
2231
410012
201014
1100102
3002030
1303001
2100230
331100
301100
22001
230000
1241
3310001
3100310
2031020
1322000
2122001
1100123
32201
4001
2240
1231001
2021003
3002201
1210031
1013012
201122
23030
2030
3000410
213020
2110100
301301
2103011
300401
2203010
420110
2010113
1140200
1110320
220103
2101310
100103
242000
1400012
1201010
20042
1000022
2002400
3000212
311030
14300
101201
2042000
1300121
2010311
4202
1000211
110123
3003200
2101103
102002
213101
1010003
2003102
1421000
203021
100400
110
3202010
110330
1120004
1200041
2011130
2003111
112004
3021110
1000103
21113
2200202
2000030
3010004
4004000
2111030
1030112
221210
2300030
2012030
1210220
1042010
1200203
1002113
2220011
1202102
1022021
10223
2010014
210401
303002
300320
1104002
100310
20312
3201020
203030
2311010
131021
120014
1400000
310220
1011002
301121
4000040
400310
201020
202022
302012
2210300
4020200
400013
101213
4211000
313001
303110
23021
1012013
112400
11132
1410200
2102030
2004020
2014010
22103
231110
311201
2003000
1010030
110300
301103
31031
2010230
1041020
140021
4103000
2030300
1312100
221003
1013120
3110000
301013
1300112
1012022
2010212
3113
1421
322001
100034
41030
3111020
100142
3100202
300200
2100320
2311001
1010021
3140
311
3400100
4011020
1121300
2110310
200312
3401
1301000
1000331
211130
120101
100241
3011102
1100330
1012301
1030211
114020
110210
1014200
10214
1002212
431000
1210022
22220
140120
303020
2001002
400400
400130
310004
103310
401
3100211
2120300
1000100
220301
301202
1033010
3032
143000
1103021
210221
12140
1232000
1240010
3100121
2000330
1110200
1130
114002
3030110
1300013
1102031
200120
21200
302003
130310
21020
3110210
122021
222011
201113
1013000
2010140
1020104
1010042
10001
1004102
102131
22112
120023
2201003
2012000
320030
1121003
220400
220130
302021
1101032
1200221
10133
2002040
10112
3112001
1001300
1003100
22013
4020002
303200
2010023
320210
1220102
1100213
200102
3211001
4030100
3200111
201401
3201110
1000034
1010123
102212
3030200
2140010
113030
103202
100043
2030111
2420000
2311100
322010
1301201
1100312
30401
321200
1220003
2200001
32003
1030103
3000104
1320200
1030400
410
301211
3013100
2200013
2200004
212300
120032
103130
104
213011
3002300
101321
2011001
104012
103004
3020300
2320001
1200032
103103
1100132
2010101
222110
1310000
200003
2001302
2021210
1002110
2012
211004
3012101
4010000
320003
3100004
4012001
1220012
2310020
3013001
2003201
2400110
1222010
310103
1201022
4022
1300310
3000041
4130
401012
4000001
103220
203012
1200110
31130
10034
1322
200111
3410000
221102
201131
21401
1001213
3100103
2020103
1040102
1000241
131102
3201002
4201001
1000130
1210010
101300
200402
3011210
2320010
41000
20102
4110002
1100012
1430
421010
12011
3003011
2020022
2002103
2033
1102301
2012012
112040
201011
2203001
3011021
3010100
202130
33110
30131
3100112
2100203
3010001
2000123
400301
200201
201101
4210001
4021010
2100032
1030031
1101023
22022
4102010
1203002
2102003
1002200
100232
401120
3203000
2002001
113000
320102
220022
1021022
3040010
4120001
3000302
1022120
11003
102110
4211
1320020
2200040
122003
14000
3101012
1330001
240020
1120202
1020140
210011
200
1031210
32012
2020112
113300
2112020
1110020
200012
1003121
1023020
1010402
1014002
1202003
2010002
413000
110303
1020113
3110012
124001
3200300
110201
122201
1321010
1213001
101330
1001123
20411
3101000
1312010
104030
1024100
3000101
1321100
3011201
203000
310040
100403
40130
22031
113201
2030000
203
1123100
2102120
1201031
21302
2011301
112202
4210100
10412
2120102
34100
13301
2000111
3101021
41021
32111
1001003
201320
400121
21110
11321
11204
130220
1040000
1102400
40310
10124
2303000
430100
11120
1330100
1113002
1020401
20132
1010024
210311
2410001
210302
1110023
300011
2001401
1000214
41102
2000222
1001231
3211100
3120110
1420001
2230010
2210012
1010222
2312
11402
2000000
32000
3021020
3010220
1003013
1101203
2020211
3103010
1032200
2020001
2410100
321020
2100401
2041001
1013102
2200031
30311
1220
110024
12230
3101201
143
1030310
40301
10043
1130300
2040020
20003
3002
1000301
2123
11
11213
1403000
1301012
2100104
2321000
2000120
131300
2110220
2013011
3021101
42101
24110
2220020
1300010
1004003
3200102
1032002
1002320
310400
1001321
311120
41012
4121000
3010040
240200
202100
1304
2042
300032
230
1031
201221
3110003
13013
2002112
40100
1011023
224
421001
2300300
113102
313010
1000310
403010
14012
23111
1004030
1400102
3210002
2003210
300311
300041
20204
1004201
101123
2400200
1412
2001023
132020
2030120
2020013
230210
2101220
2100131
2231000
4200011
1002203
221030
1101002
1001240
1310003
1401020
200213
1022102
210212
3011300
4022000
200330
410021
114200
2330000
2002010
1012004
1002140
121100
302111
2200220
3102200
203201
111023
121001
1130000
301010
2001041
1103003
1420010
1212020
2104010
101303
2012201
3022100
2221001
31004
3111200
111302
2211020
3102002
3010400
3001001
2
2110022
1000142
1230020
310013
1201013
121400
1214000
1320110
2110013
2201102
2014100
1032110
212000
400100
134000
1123010
210200
112010
2030210
2100011
31400
3110
112100
204110
102302
2011400
2102
2103200
4012010
10100
4010
2100023
2200022
210032
300131
1300130
222020
2201201
1011032
3103001
101021
402011
3111002
1000412
200042
10304
2321
100133
1002020
222002
304100
13031
140102
3201200
1000313
1101302
1043
3102011
3101003
1110203
4000121
102410
401102
2141000
2101031
30110
2201030
4100021
3320
400010
2212001
1010240
2001212
102140
3200003
1003040
104300
1000112
241100
100112
40211
11222
2020040
1012310
120011
200411
401030
4040
122120
420020
4000004
11012
2300210
1410020
232100
230201
2012021
33200
2022020
3002210
3020
312020
2101013
21122
1203200
2111300
302300
410210
2301002
220100
1200014
1010102
400211
110420
4000100
1230110
103121
41120
300230
2301011
2100140
2011013
2002100
1112000
4400
1001420
3210011
101210
1000403
1103000
2000033
2012300
1203011
1001132
211001
12401
1220030
1202000
1040030
1110230
121040
212012
120212
3200000
1300220
4011002
1020023
13130
23210
1103
3300002
3000011
301004
4000112
1022012
102104
2310101
130022
204200
100331
2021021
14102
21014
1000232
42020
1020311
4021001
410000
2310110
10202
2010104
2024
4101200
3200021
2111003
130001
202010
1112
3200030
1013210
310001
2202002
20000
4001021
1130012
212120
202211
4210010
3100013
2000102
410300
2130011
100430
3100040
230120
102023
1301
100412
2140100
2011040
101
212201
1030004
11030
2000201
1034000
1002104
401210
1100033
2330
100040
20420
231011
104201
1020203
13100
211202
1000430
30002
1120040
20321
1004
1203020
1103012
2020202
23120
2011022
1100
330110
2002022
302210
202202
2102102
2100212
2302010
1012220
2120012
1130030
3031010
4001012
2101004
2204
101012
321110
4120100
3200201
1040003
32102
23012
21104
10421
4200200
223010
1021013
1020122
112022
2030012
4002200
402101
110120
320000
1420100
2210102
31202
2001221
1002014
103211
4100030
1212002
2100122
2011010
121004
1022003
2020004
2300
101000
1204001
101132
3012200
200030
2020100
1001033
223100
2121002
10040
2000411
2033000
100124
10331
1001402
141200
4102001
1110032
12320
3000401
1210001
2110004
2001140
310211
1112300
2400101
200420
100322
1200212
1020011
210041
110021
2010020
1240100
331010
1200140
1001012
142001
12104
1004300
2020130
2002031
2000321
1222100
1213010
2121020
2100311
1031003
301112
1001204
2013110
3302
113012
3200210
3031001
2020400
102101
3011030
1213100
302120
202001
1040
21101
31211
1103300
300203
1300004
1022030
3001310
1002032
3002012
2111000
4102100
202031
30011
311012
220310
3010103
3230
140
4030010
1311002
202310
1001000
2320100
2010200
2212010
30014
1100000
13310
1021301
240110
104021
310100
2101010
3010031
2032100
2000231
2212100
32021
2000003
400202
1120100
220211
11024
3120200
1122002
1102103
1100021
11330
1023101
4013
232001
3010013
103013
300110
40022
2031101
4031000
2000204
1000040
2220101
204020
1302101
3014
3030020
1112030
2102021
100010
42200
1001120
3041
21140
4040000
103301
4103
3110102
2001320
2003012
20120
110204
3120002
1000340
1000304
100340
1002131
101102
1300001
2200310
2112002
2022101
2420
422
1310030
1030121
113210
3011012
100223
300020
1412000
2114000
310130
2210003
4010300
2010203
440000
1120013
2004011
102122
12410
4100300
2013020
1402010
1200311
20231
2001014
3002003
1013030
3000131
1301021
14120
21410
22121
2040002
403100
1210310
3100031
12203
33101
121202
4020011
3001130
103010
1031021
201041
14021
300023
341000
2113001
130010
3101120
1121
3000311
130400
1102013
320111
2021000
100304
4012100
10310
1010033
1211300
200210
1300211
1400
101204
4020020
1210202
2010131
20024
320300
2000213
2040101
24200
212021
4100201
1020320
200024
1042100
141002
4310000
310031
1200104
1020221
211040
101312
2210210
2002310
4000211
12032
231101
2210030
232010
24020
203300
3103100
3200120
2030102
401000
2130020
2003
1202201
30221
2001122
3001301
32
230012
1100420
32210
1001042
120221
230111
3210020
41201
210002
210131
11231
2110130
3001103
2113010
10232
3013010
31022
2020121
2010320
3022010
2012003
2102210
1200011
2040110
1021100
2220002
331001
4002002
1020230
1030040
1140020
210230
120002
3120101
1331000
3001202
102032
200240
100031
1024010
1012400
22301
2200100
1013021
213110
22040
1132001
102200
1102220
31301
10430
3120011
20
1030301
2020301
1202021
1100024
10220
1010213
440
1320002
1204100
2200112
1021103
3302000
1401002
140030
330101
2101100
1100402
1100210
1200101
30302
13202
221
121013
100013
30230
4010210
2202101
131120
2222000
2103002
1200302
2013200
1240001
1221002
320021
2013101
4001000
2101202
12101
1002023
302030
3000230
2022200
4011200
2001230
131003
130100
3101300
2103110
2201012
3110021
3010211
2110001
1102130
3004100
120203
1201202
111230
1300040
1013300
132002
2130101
1310021
40031
2203100
4000310
3003110
110000
311000
2213
4121
230003
2021030
302
40010
3102110
3012110
1032020
2001104
211310
20300
2004101
3110201
110132
202121
10121
4100102
1201130
2101022
131210
2002220
3100100
3040100
302201
1313
1100300
4001120
422000
201032
1201004
1100042
1310
3100001
1221020
310301
32120
111020
3000020
40013
10004
1003112
30032
1131002
3011
42110
4000301
4000130
1400021
310010
100100
1040120
4220
212102
3113000
4001300
3001040
21203
1020110
3021011
1220000
2200400
3041000
2011031
112001
321101
1301300
2000021
213200
2120201
130040
2201210
2100014
2011310
4020110
2001101
110312
3011120
1211
1020101
220031
100301
1041002
22202
10103
221021
4010030
2120030
3001004
130301
301310
1301120
2120
13112
3131000
2103020
14030
2021102
1010210
3221000
2110010
340100
1200023
1100204
1010321
3000320
2300012
311003
1201301
31310
2011103
1021040
2411
1220300
2201120
3410
210110
1030013
3301010
4010021
1004000
2122100
112130
103112
323000
13040
122030
3012020
320120
210101
3023000
312002
211301
2400020
13220
3101
203102
230102
201023
4002110
1303010
2023010
404000
311300
1101020
121022
201410
4200020
3020012
2402
3100400
4200101
3002120
1321001
220013
2210
1223
2001311
1310300
24101
2111
2021
202220
123011
110042
101402
400103
222200
22310
2011202
10013
204011
3301100
1230011
142010
1003001
2100200
2104001
102020
412001
110321
11240
4001003
2302100
4000022
2102012
24002
1012100
30122
1230200
4020101
2003021
1222001
2110202
202400
303101
1000421
3022001
120140
110231
201212
120410
104000
2030003
1320011
2300111
1011320
1021220
31040
3100220
2010410
1201400
4010012
1110302
203120
1101320
1040012
21230
20402
2030021
11210
10403
20222
1000124
3210110
1022201
1210103
30113
132101
14210
2024000
322100
4200110
1010303
123200
103100
112031
3010121
20111
2003300
2040200
3020120
3200
1131020
202301
30140
431
200303
420011
43001
1021004
11123
2240000
100022
100004
102113
202112
2402000
4010003
3000110
1310102
2021201
1340
214001
122102
3130100
201311
1033100
1310120
300014
1012103
30410
102311
1313000
3202100
4000103
3001022
1201310
3201011
230300
2000300
1400210
400004
1302011
113120
100214
3400001
1103210
2041010
101240
2303
2020031
3002102
1000223
224000
2210201
2202200
1112003
301040
1122200
1200020
1220120
100202
210410
2300000
4100210
1300103
4001201
2221010
1040210
1024001
14
2220200
121010
300101
21041
110033
1000010
1120031
1201100
1023011
1001312
21011
2310002
301400
103031
1040201
4001102
4000202
1132100
2101130
1200410
102221
1200200
2200010
3004010
233
133100
1102202
3131
211022
1103030
2003120
1121030
110030
22100
22400
1000121
113021
1030220
10211
1003103
1311200
1210013
1031201
101042
2141
2130002
130031
2301101
13004
142100
211103
14201
3220001
4201010
2013002
2012120
1010204
210104
1230002
200132
1040021
1003031
1221200
130004
300212
2002301
1000031
120230
401021
310121
2301020
1131200
210020
1103120
41210
3003002
200204
2031110
1001102
410201
312011
2032001
1100120
3300110
3011000
1000220
1102100
121031
200000
2031002
1203110
13010
2132
210014
3000203
1031000
1000013
1021310
3002111
3100010
400040
1210040
104003
2002211
2312000
3300020
1210004
102014
4301000
3010130
10322
1002401
321011
3300101
1121000
1020041
2201300
4101020
2411000
1202210
3020111
2120003
300002
2023001
1401200
340010
2211200
1123001
2110400
3212000
3100022
1120301
2102201
300140
110102
330002
140000
420002
3020210
2002130
2301110
2022110
12020
421100
3130001
1300100
220010
1110002
121130
130211
12131
3101030
1211003
330011
13022
132110
120401
12014
1142000
1302002
221300
220040
1232
4003100
1200131
2002013
2000042
1210301
1020131
3122000
1231010
4112
332000
1000043
222101
3010202
1400201
302102
120311
4010201
202004
1100321
1023110
214100
3020030
4002101
23
10313
10010
1013
212210
110240
2202020
321002
2010221
3210200
4010102
100001
121301
204101
200300
1003400
40400
1002122
130112
4220000
1120130
13001
112310
313100
120200
310022
201104
1132010
230030
123002
220202
13400
1001222
211013
21311
4110200
1220201
201002
200231
1011302
312110
10241
2401100
2022002
120020
1310012
23201
11021
3200012
13211
3001112
2110031
220001
2012102
2011004
3010112
11102
31112
1003130
1210100
1120103
3210101
12311
20141
2112200
3000002
3001220
300122
1010201
4013000
3140000
133001
320012
2014001
211400
2114
4400000
241001
214010
400001
2100113
11033
1200320
401201
11000
2300120
3101210
330200
2410010
2222
211100
123101
24011
32300
403001
1220021
2200103
201200
3311
110222
1400300
14003
1010120
402002
2032010
131
4002020
3014000
410030
1400120
2110103
2110040
1102040
300221
2003003
11300
31220
2010401
1020032
3220010
1200230
1300202
1030100
1001
100421
1400030
1003310
1202
2100020
310310
303011
33011
20123
4003001
1130201
304001
3030101
20303
430010
2130110
1203101
200222
3120020
1113200
3100301
2000012
1012040
4031
3201101
112301
3311000
3030011
100130
1002011
3000023
2300201
2120210
2200130
1022000
2000402
1000133
1000001
132200
130202
103001
3230000
1020020
1000322
101033
31100
1022210
2213000
3000014
1120400
1120220
130103
2000141
124100
111203
1003010
131201
3010301
1001330
4100
2301200
1402100
103400
1102022
102041
3000200
2113100
2001110
1034
1020002
1020200
122300
1130021
210122
2130200
120320
130130
210023
1021400
4100120
131030
1130102
1102310
100121
33020
3003101
210203
1120022
101030
12002
3211010
3021002
30020
122000
212003
320201
1021010
21002
134
1302200
402110
3112010
203210
102203
2001410
1231100
