323003
320033
3032030
30203
333320
30023
3003032
2000003
3320303
320030
302303
32000
3003203
33323
3030332
2303303
330332
20330
3023
330032
230330
320
3002003
332030
203
23000
323330
23333
33200
320000
32003
2003
302030
2030333
2000
330020
300323
2030000
320003
3332003
333203
30200
303320
3030032
2000000
203033
23003
3300230
3030233
300203
3300002
300002
203000
302
3233003
3203033
233300
3323300
3302030
302000
3233
3233300
32300
3303200
3030203
3330002
233000
203003
3303032
3300332
300032
230300
2333
2303
2033
3333200
3003233
3000203
3330020
23030
303020
3330032
30302
3333020
3023033
3300203
20
233033
3032303
303200
2000330
2003003
330203
230
3300323
3030320
303323
3020
2300330
3003332
2030030
2000033
3203303
3200300
3023030
20300
33230
2033330
30233
330023
33203
3200003
323303
3003230
3330320
30032
3203330
3320330
20003
3032300
3032003
3003002
303002
3002
2330030
203330
200030
3323003
3000230
330200
3300023
3033320
230333
3003302
30320
233303
3000032
3302
3200000
2033303
2000300
2000333
230030
200330
3320030
3320003
2333000
3002033
3303023
3023003
2003330
3233030
3230303
3230030
3003200
300023
33320
2303330
333302
2033300
2003033
203030
3023300
302330
32030
2
2300300
3000302
3033002
3203030
3203003
23330
300332
3230000
3230300
320300
23300
3330302
3033302
2300003
20033
32303
3330230
3033200
2300033
3320000
3002000
302003
333200
330230
233
303023
3200030
33302
203303
3020330
3302303
3033230
33332
3200033
2003030
3033020
303332
2003000
203333
23303
332330
3003323
2300333
200000
3203300
230033
332033
200
3033203
3230
2003300
333020
20333
3002300
3000320
2330000
3002030
303230
303233
333023
2033033
300200
3000023
2003333
233003
3332300
3002333
3303230
3300233
333230
3000002
2330033
30332
3332
3000332
230303
3030020
3323
2300000
2000303
3302000
3303320
33020
3300302
2030303
3020333
3020303
323030
3332030
3302300
332300
332303
2303000
3330023
3020000
3323030
3200
3333002
230003
320330
302300
3303203
3320033
2300303
3023330
3030023
300320
3320
2303030
2330303
200300
3020030
3303020
2333030
320303
302333
3003023
3030302
3032
203300
3320300
320333
32330
3003320
3200330
200033
3332000
3302330
3032033
2330
30323
300302
200303
33032
3300320
3000323
30020
3033032
333002
333032
330302
32333
30002
3023303
332000
2300
3003020
2303003
3230003
3002303
30230
303032
3230330
3020300
20030
3033023
330323
33002
230000
2030300
3302033
3000020
330320
323
2033000
3200303
323033
3000233
300233
330002
332
2303033
3330203
3330200
300020
3303002
3233000
2330330
2030330
233330
32033
3000200
3030200
33233
2333300
3300032
3303302
200003
3020033
20303
3203
2030033
2300030
3230033
20000
3023000
3002330
332003
302033
2330300
3030002
32
33023
3203000
200333
323000
23033
2030
300230
23
2033030
3200333
3300200
3030230
303203
3300020
2030003
2033003
3302003
2330003
2303300
2003303
2000030
323300
3032000
3032330
3030323
2333003
303302
3323000
3020003
330233
233030
