322030
334000
32203
3003133
3000040
300034
3202330
2032030
2003230
103300
310030
1033303
20023
3032032
333220
130330
200020
30400
3003322
223330
3310303
3330400
3000433
330232
300313
2300323
2303020
3103000
3103303
22330
1303
303043
3000331
2233300
1003300
3002200
334300
304033
2302000
4333
3300310
2230033
3020332
23023
2020
333400
202
3000031
4000303
3000004
22333
3030031
30031
2020300
22
323203
1030303
3220300
3100330
100300
323230
323002
3300331
4000003
3304
3133003
340330
1033000
223033
3320032
310303
20032
303340
300031
3200230
220300
340300
301303
3003304
3403300
3003403
30001
3013330
2023303
313003
1300303
323200
320023
304030
3333100
3303130
3400300
2030020
100000
100003
3010330
302302
3003223
3003001
2300203
3000301
323302
3031033
302233
3001
2000230
330100
3000313
4003
1003003
3200233
3313030
313330
3302302
333013
2300020
103030
3004030
30304
203233
2003320
3130033
400000
3020203
310330
13333
2203330
3300133
3340300
3040300
302320
3000403
3000202
300001
203302
3023002
1303330
32200
310003
2003233
1000333
3040303
3332020
3300400
3000220
2032003
1030333
2000020
300022
4300300
3031003
304303
2023
3000013
30040
3043
3300001
220333
30004
23332
3004033
2303302
3023203
332320
3300103
4033300
2002330
2000203
130333
220303
3020233
43030
20002
1033330
3030232
3030403
22303
1330
230203
403303
3023230
430303
2320330
3330202
40
4003303
3004300
33202
130
3003040
303310
1030003
3302020
3000310
300343
30034
23323
3220000
3230002
3032002
2203
3100
3133
4000000
233002
3320320
20203
20020
3031330
3033004
3230320
233020
433
403
2230030
3300043
3303301
2200
3020020
3302200
2030320
130000
3023020
3001330
4033
1333000
3331300
3300004
2333020
2032033
3032020
3303001
2330203
2033302
1000030
1000033
3330100
3003313
300331
2320303
3203023
3030223
2023300
433000
3232
30301
3232003
2300200
203200
3034000
3004303
4030300
3223000
3130303
403030
3310000
3002020
332002
333310
2000200
3032023
100
23320
13003
3304030
331033
34300
3033100
3030301
3220033
2000233
3302023
33403
3300301
2320033
4003300
1303303
4303300
3202000
340000
323032
22003
3003310
303313
33040
2032300
13033
332302
3220
2033230
2002333
3202030
31030
303133
30220
2200030
3013030
23020
3322030
23002
3302203
3220303
233302
230032
200203
320032
300103
3322
303301
430033
2003023
1000330
3203020
1003330
1330033
2302300
2033023
223303
3302230
1300000
3301030
301333
3230200
3022033
3004000
300430
3033040
34
3040030
333130
33130
3000022
33043
2200303
40330
10003
332203
430300
3400000
331000
3330220
3030202
30043
322
33004
2020333
3130330
203002
3300130
3030010
1303033
3200023
3301000
303220
30013
1033003
232330
340
2002300
2033200
2000332
3100003
31003
330340
33010
2332300
2330002
233032
203020
3320200
13000
2333002
202300
3001000
32320
3103033
3001303
3001003
3030034
2020000
3032203
300220
303031
3331
3202300
2023003
232303
203032
320200
320332
333010
310
2330320
2233
3343
332200
3004330
32323
3202
3022303
3200002
3030100
330322
303022
3433000
3400003
40030
3004
2020330
33223
3232300
403300
333100
2330302
133000
202303
3310003
1000
333040
330004
2203300
2033203
34033
3030304
4033003
203332
200332
3023200
331
4330000
3100303
3010333
3300403
300202
3203032
3010003
1300
3000340
3313000
3322003
43330
33310
303004
2323300
3002320
2333200
313033
40003
3001300
4003003
3133000
202003
303103
3300313
2030230
3430300
223030
103333
3301300
3001030
33103
3000001
4003330
4
333031
2323003
1303003
2033320
403000
3320023
320020
302020
1000000
1303030
2030023
3230230
100303
10000
340033
22033
4303003
3030103
3433
3001333
3200323
3320230
3301003
3030430
2002000
400303
320002
3303103
3003034
3403000
2332000
2300302
3230302
332230
33220
4030030
2320000
3330103
3310
2200000
4000333
400300
100033
4333000
2002003
3100333
203320
2032
3030013
2302030
1030330
10330
3303022
2302033
2302
320320
1033030
202033
33034
2230303
3020032
40300
3033103
30010
3013033
430030
3320203
3003103
303403
3003031
1300030
2300023
3200032
430000
232003
100330
40333
3334000
1300033
3300430
3331000
3002002
31000
32023
3033022
3000034
3200020
2003200
2302303
23200
10030
3331030
31330
30433
2323000
320233
303202
30022
322000
23302
20302
331003
3223
3030022
3031
3310033
2030332
340303
3430
2033020
323023
43000
332020
300010
400330
2030203
3013300
3002032
1333
2200033
3100030
133330
3330001
2002030
2030323
133300
230320
2230330
133030
103303
313303
3302320
3030322
3003043
232030
3310330
334003
31333
300130
403033
3200332
3323200
34330
34003
4000
3003400
3030043
1330030
3040330
3301033
1033
230023
230323
433003
230230
230302
203230
3032320
3200203
320302
4003033
130030
322033
33430
33301
3223030
3043030
331030
10
3000304
200002
3310030
3010033
3301303
330403
330202
1033300
3103300
223000
3023032
43003
20230
3300304
1030030
302023
3003430
2300233
3340000
3023320
20332
300310
1333300
303430
3020230
40033
230200
2000320
403330
320323
334030
2030002
3202003
202030
3000133
2300230
2303320
2003203
340030
3332200
33013
2330230
202000
100030
331303
133303
3303220
3000130
30202
3340
3000334
303304
1000303
2003323
3034300
31300
3303310
3030310
330022
4030330
302002
3030133
303322
2203003
3023302
20200
3031303
303232
3400
3330031
3100300
1030033
1003033
3203302
303400
30403
301
1330003
32020
3022003
3002323
32230
3333010
4030033
3000343
300043
3034
13303
233023
3340003
23230
3002302
330304
2020030
23233
20320
2320
3030001
400030
2030302
230002
13300
3030340
2200300
10033
1003030
33313
3303031
2303203
2303032
220030
3301330
302230
30130
3000322
2230003
2200330
3230203
313030
43300
3330301
4000030
320230
3030400
30313
31
223300
1003303
232033
13330
3000100
3130
103
1030300
2002303
2003302
3202303
3031030
331300
2332003
3223300
320203
3034003
300040
4003000
343030
301033
3030004
3003004
1303300
400333
220000
203023
322330
3300223
330400
3303040
4300303
2300002
3002023
430
3033031
2200333
2032303
3230023
433030
2203033
100333
3300040
3334
2230300
2020303
3400030
3223003
22030
3303100
300433
333022
4000300
303331
1003000
310000
323320
3002230
302332
3000400
300403
1033033
3030040
4030
3000103
330010
30310
3300031
30334
301300
2003002
23032
3030130
220
4330300
3000232
3403
310300
302032
1
3333001
4300033
310333
302323
3300013
3043000
3020320
30100
33400
3330013
4003030
3020002
2033002
2000002
3232030
3233020
200032
300232
3010
1000300
3304003
300304
304
2203030
2000302
223003
3033001
4033000
2302003
3220003
3003331
300004
1330303
3103330
3001033
34303
3303400
3301
4330030
300100
3302032
3300340
1300333
3331003
2003020
433300
3013003
331330
332023
2230
330103
2230000
300334
203323
310033
20323
3032230
3000430
3303013
3230020
1303000
30232
4030003
3130030
3200200
400033
233320
230332
13030
3000223
1300330
2332030
2023330
2020003
3130003
430003
33133
4330003
1003
33232
302200
3343000
3022300
340003
3003013
3403030
2303002
1000003
3200320
3020323
4300
3033202
4300003
1300300
2000323
20233
33331
2320300
34030
343
2330020
3010303
301003
32032
3300010
2002033
2233030
2302330
202333
200233
3320020
3040
4303030
103003
330040
2303200
3203230
130300
3323002
34000
32302
30340
2032330
43303
300013
3033301
3200302
3233002
43033
3033310
3330004
2023000
3031300
3004003
30133
30103
3300022
333001
3400303
1030000
430330
22300
31303
334
2203303
2320003
1330300
3220330
3133300
202330
3023023
3400330
3033130
3202033
220330
230020
3313300
343000
22000
223
3003010
2023033
330034
333004
1330000
233203
3340030
3040000
4033030
330331
33322
2330200
2300332
2300032
233200
3322000
323020
301030
2323030
3030220
3304300
2332
3330130
3330010
3033013
103033
3203002
3020302
3002332
3203200
332032
343300
3032302
3033400
330130
3303004
2200003
3040003
301000
4330
3000043
3013
43
200200
3103003
133003
322003
32332
232
330031
2330023
300223
3330040
313
3002233
3332002
3034030
330013
3310300
3022330
3010300
304003
330133
3330310
3013000
303223
130303
3033220
30343
3022
2030200
301330
32233
400
133033
3220030
232000
3010000
3013303
10333
3003100
330313
3133030
33340
3430030
3203203
233230
103000
300133
2330032
3032200
304330
2003332
1300003
3100000
400003
203203
303130
2233000
3400033
40000
3003340
300340
300301
2020033
343003
3313003
10300
304300
3300220
330043
103330
10303
3302002
3300232
303034
1330330
2203000
3403003
3100033
130003
3003232
303100
4300330
2033032
304000
4303
3300202
3003301
303001
30331
2032000
3020023
330430
3300322
303013
3022030
2000023
1003333
313000
300322
3300034
2303023
313300
32002
3033010
2030233
200323
200302
3040033
3020200
322303
31033
333202
3130300
403003
33031
4300030
3002203
30430
303040
2000032
230233
3043300
3031000
300400
30322
4000330
3323020
40303
3003130
3000010
4030303
4030000
2320030
2300320
200230
322300
33022
4303000
3232000
3010030
3003220
2303230
3322300
1333003
2003032
3330022
1333030
33100
2002
23203
220003
3103
3103030
3130000
130033
1030
3300100
330223
333301
2023030
200320
30223
133
3303010
3430000
3320002
3003202
3003022
303010
3313
330001
33001
3203320
232300
3043003
3304000
3030313
330310
2233003
3233200
2030032
3430003
220033
302203
3303202
333103
330220
13
4000033
330301
200023
33304
3230032
3022000
3320302
2323
3030331
4300000
