11040
300021
311010
2211
230010
3101001
1001004
1401
1000221
112020
4100010
1130001
22101
302010
32010
202110
1101
101040
2000001
1120002
130011
1030011
140100
1030020
1010301
300111
1010103
3120
321000
22020
20100
20400
300210
1104
1014000
2001012
1000002
320010
1200201
23001
1311
3210000
30030
402000
1100103
3000000
1202010
1320
2001201
220020
2201100
1100301
100410
100131
2110200
10203
2220000
4011000
3003
213
410010
3100011
13200
1200
110010
302100
11010
110031
103011
100140
2200200
211002
204000
12300
10212
3002001
1000200
130200
4200
2400000
2100201
2021001
104100
21120
4110
1100220
1000014
30
2100102
1003110
3000300
2001030
111300
1012002
11022
10122
3100020
201000
2201001
2011200
1200210
220011
110001
4000110
101202
1001040
1000122
411000
1320000
2030010
312000
200103
10014
3001020
1000230
1040010
1001103
202020
2002011
20013
2000220
2000310
3000102
30120
2013000
4001001
220101
3030000
2002110
111000
1202100
1100004
2001021
210012
2010210
2002101
1020003
2100012
31200
20220
301020
1010220
210201
1221
2210001
203100
22110
120120
3020100
400002
2012100
420000
24
42
401001
311001
2002200
120000
2120010
1010130
3300
21021
1011003
2000103
200130
23010
103101
200211
21210
2022000
2301000
31020
2000112
2121000
12120
4000020
10032
3001011
101220
2020020
3020010
110103
1031100
41001
10140
320001
1010400
1300020
310020
1110030
301101
11220
31002
1001001
1010004
1140000
201021
11202
20112
2031
120201
1400001
10200
3102000
2010003
113010
210021
211020
220110
40020
1002003
200004
11001
2000301
2102010
1100013
101400
1200003
2002020
201030
23100
3010101
2013
4100001
2020002
11013
2004000
300
2020101
2103
1000113
1030200
3001002
2010
3012
102030
3010110
1001013
120012
301110
1122000
100032
2300001
30000
1020000
301011
11031
1000110
20211
3003000
1022010
2220
2003100
2200110
201120
1201020
1100100
303
32001
2112
201300
3000111
3000
2021010
30012
1002201
201012
31110
12003
1000104
1400100
11004
310002
121200
300102
1022001
2020011
4110000
300030
1020030
2020110
2010201
1000311
100011
2210100
1100310
200301
110040
200022
42000
1013001
2010012
1221000
10302
1002012
1040001
110310
3200001
2001300
3110100
1002021
10221
1001202
3001101
100320
1103001
2200101
1002120
2000010
1400010
1220010
1000101
100302
24000
1021020
2011002
3011010
101001
12210
3200010
2000004
210030
102300
4001100
1002102
400110
3010020
33
132000
40101
110301
1103010
40110
1014
2010000
3000021
230100
102102
10320
1001031
1000302
2110002
20010
1001220
1200120
14100
1140
21300
2001210
120102
1000020
1212000
1201002
1310100
21003
100401
1212
3002010
1100400
4002
1001400
100020
1310010
20202
20001
1201200
1023
212100
3110001
2100120
400101
221001
100110
3000210
312
1100010
2040000
2030001
1301001
240
410100
101100
1000131
110022
2010030
20301
1210020
100023
1001310
101310
1230000
3300000
30021
2202000
3201000
113001
201003
2400
3201
1003101
2000400
200031
111030
101013
3111000
1030110
212001
101010
102021
100014
1203000
33000
3010011
1011
2211000
210003
221010
1113
3010002
1011000
1020
21030
1012020
1100001
130110
3000120
101031
1000041
2121
2100000
4000011
103020
1100130
200040
111003
4000200
120030
122001
0
1301100
1001301
120021
1000032
1220100
31101
1010310
1102200
310110
101301
10131
2000202
2110020
1101300
103002
301002
1100022
4010100
4010010
4001010
220002
1031001
100041
4010001
2010021
100101
1300200
1110300
401100
111
240000
1300110
1031010
1020120
1020021
2011020
131001
102000
310101
1122
1000401
110100
2300010
200121
10410
1200300
1004001
1022100
420
2101200
100203
1200102
11400
1004100
210
231
130020
1120020
12102
12021
102210
110220
3111
3100002
1410000
103200
100230
141000
41100
2102100
21000
1010001
110013
131010
400020
1011030
1020201
112200
2130000
3000003
10023
11130
141
30300
2100
212010
21102
201210
3
3101010
202002
13020
1000140
13101
4101
3120000
1032000
1000203
1113000
20310
1210002
20103
321
12
4020000
2010300
200220
1000023
12000
2012001
1131
303000
1130010
1010010
211200
200112
301200
2201010
2101002
20130
2000100
100200
1100040
2100021
1302000
2300100
102012
4000002
3002100
3011100
221100
3001200
21
230001
13011
21012
1004010
2310
4011
210300
100311
102201
100221
300300
1002210
1023000
30003
1300011
1203
110400
2310000
2000022
300012
110004
2210010
1013010
1102020
1300002
3101100
2102001
30102
202011
1002030
2101020
2200011
1011300
1002000
1110003
1041000
1311000
204
10011
1200030
1202001
2021100
210102
13002
100212
10311
200202
3100101
1010031
10230
13110
2003001
1401000
210000
203010
2002002
1101000
300003
3030
140010
120210
210210
1110000
3100110
2202
2001102
11103
3012000
1000320
4100100
2200020
121002
11100
3200100
1010202
2120100
40002
102
410001
104010
102120
2031000
100122
10104
10110
3000012
40200
1030101
10020
2100003
1101003
122010
200010
20031
2301
1003200
1003002
1104000
2100210
1020300
2030100
4002000
121020
10041
1002
311100
2000040
202200
12030
10002
1001130
2103000
310200
11301
10101
300120
1021002
2200002
3021000
1003020
200013
101022
2000130
4000101
213000
2001000
200400
140001
22200
2022
2001003
102003
300201
401010
100113
11310
104001
101103
10113
300000
2000211
1020012
330
2120001
3001110
12201
2130
4200000
2100300
1131000
201
130101
220200
1021200
1230
22002
1000410
201201
1110
2000031
120300
1300101
113100
4101000
2020200
1102002
1001100
2000121
22011
3021
112002
2000013
1310001
100002
14010
1101030
120
114000
411
1032
1301010
1200021
3011001
1302
400200
41010
1010013
20004
114
32100
20022
402
2003010
130002
30210
14001
2010102
210120
222000
1210200
201102
2004
2100030
1100202
1020210
3210
1040100
3000030
1012200
1000212
40011
3100200
3020001
1130100
1003011
222
101004
203001
30201
1100031
2001
4020
110130
12012
20121
1010040
1010100
122100
1002300
1010022
2112000
2012010
200100
200001
2040
1030002
310011
131100
31011
123000
302001
10401
123
1220001
200310
3110010
1020102
20040
231000
1103100
1001022
1041
110202
202101
30111
1200012
132
101130
100104
400011
1200000
2001120
320100
1000011
1120200
330000
3010200
120003
103110
2010120
3102
1001010
1410
1013100
21201
3000201
