1010000
1000010
301001
31010
1300010
30200
2020100
3002
4010000
10112
2001011
2000300
1030100
202010
1100201
200000
302000
3100100
12002
103010
11000
113
3101
3020
1101002
30011
1400
2001002
2000201
2100101
101021
2102000
1022000
11120
20000
200210
2011001
10310
202100
20012
401
2300000
30020
1020020
2002001
1100300
20300
40001
1021010
2210
221
3000020
4000010
130010
200201
1202000
1301000
102011
201011
12101
3100001
100103
31100
21020
2201000
11021
110030
22001
111020
112001
110210
1003100
1112000
310100
13010
1120010
301100
14000
10031
300020
200003
1001000
1120100
10004
41
1210001
100013
211100
1130
1013000
1101200
100010
100031
120020
120110
2002010
1121000
2100011
1000211
122000
12020
1211000
1110200
41000
11030
2010101
1013
201110
3200000
2120000
2001200
110000
3000101
100310
100022
1110002
1004
20030
310010
1002011
212
2200001
220010
30110
21200
22010
3000200
2021000
1004000
12200
102020
3110
1011002
2012
210011
10220
2030000
2100020
1300001
2101001
1031
400010
210002
101000
20
100301
1210100
1300100
30002
110300
2100002
2
1120001
122
101120
1000103
100001
31001
2102
3110000
2000030
300101
120101
4100000
20003
201020
203000
1001030
20120
1112
2000003
200012
121010
1000022
1102001
1040
1010030
3010010
2002100
1000013
110102
100112
1000130
1100021
40100
2010110
1002200
101
1002101
101102
2200100
212000
1201001
1010201
1020011
104
111002
120011
1001300
1100012
1021001
10400
3020000
130100
14
12110
10010
110021
2111
1103000
3200
1102010
11003
1000301
1201100
2000111
110012
3011000
1012010
1001120
121100
3001010
400001
100220
13001
1010102
302
110003
1220
1001021
230000
401000
1200200
1000202
10022
2010011
2010020
1210010
10100
1103
320000
3000002
10121
112100
112010
2111000
220001
1201010
10202
10211
1000100
230
21110
1400000
100211
2120
1002110
11201
2110001
101003
102002
1010120
1211
310001
1200110
210101
102110
20210
1001210
11102
4000100
2010200
1030001
2100110
103001
200021
1020110
211001
1010300
1002020
1000400
200102
201101
100121
2003000
4000001
100004
2011010
1100120
4100
1100
2110100
130001
1102100
1022
300200
200
1000004
311000
11012
2210000
1101020
131000
100400
410
202001
1020101
200030
32000
203
220100
101012
1011200
111200
101201
3002000
210200
2000120
131
300110
110
110120
2300
3000110
120200
1010012
1100000
2101010
1000112
101210
20102
2010002
2110010
1301
1000121
1121
2100200
40010
22100
140
1000310
100202
3001100
20111
10130
10040
10103
2000102
32
300011
1021100
3010100
3000011
2011100
211010
23000
1000001
2101100
200120
200300
3100010
1002002
140000
300002
23
10301
4001000
11210
12011
21011
2001101
1010003
2030
320
100040
1000220
301010
1310
21101
1001003
101300
2001110
121001
30101
1100003
1200002
3010001
13100
2020010
2000012
4010
10013
2021
120002
2201
1020002
1010
3011
1010021
1100210
1040000
1030010
1003010
102200
3101000
2020001
201002
110201
1020200
113000
221000
1001012
210020
103100
100130
210110
2000021
1100102
20201
311
11
2003
1110020
1200011
20021
2200010
100100
1012100
102101
1200020
2001020
21002
1001201
1000040
1200101
11300
10001
1310000
3001001
1000031
400100
201200
4001
1012001
1001102
104000
1011020
1202
1001
2000000
1220000
1003001
2000210
101030
1010210
1130000
1031000
2012000
2000
1100030
410000
200111
