3033000
3033030
3003303
3000033
330330
33303
33030
3300033
30303
3330030
3003330
3000003
303300
3300000
3300030
3033003
3030330
333003
303030
33033
3030
3330003
333000
330300
3000
3300
3303
3000333
3303000
300030
33000
33300
3003
333
3
3330000
3030033
303
3033300
303303
30330
3033
300000
3030300
3003033
300330
3000000
3030303
3030003
3003000
330000
303003
300003
33330
3330300
3030030
3000030
330033
3330
3300330
30300
300
330
30
3303030
3003003
3000300
3000330
330303
300033
30000
3030000
3300003
3003300
3003030
330003
30030
30003
3333000
303033
30333
33
303000
333030
300303
30033
3333
3303300
3300300
3300303
3000303
333300
330030
303330
300300
3303003
33003
300333
