1000303
3100021
100120
1030111
1100320
1200010
41101
1000240
1011100
201040
421000
1041100
210130
120202
300211
3003001
2100202
1113010
21130
21001
131011
31030
1020310
301000
10042
1310101
1010140
2210110
102310
1033
3022
411001
111400
10330
2110021
1201003
2101102
10102
40030
2140
1014100
202
1102210
210121
20230
2020012
201103
21121
3000004
2211100
1210210
4000003
1030030
2122
1001113
2110300
1100101
1020100
110230
130012
1004110
3301000
3300100
401101
124
3111010
2100112
1002211
402010
1021120
110410
4020010
320011
201220
32101
30031
210310
1410010
201202
3030010
3000112
103
211120
1230100
23200
1000141
302101
3031
2012200
1001200
4020001
301030
1003003
1210
103201
1022002
1121200
1200040
2031010
2022001
2000221
1000201
102400
1011010
10021
2102002
4101001
133
2311
11122
1002301
101203
1330000
4011001
2301010
1302001
21103
1021102
403000
1401100
1201012
101212
1220200
1200301
2041000
3130
2001022
240001
4120000
202000
132001
2011000
1000123
3002200
2100100
21022
1231000
12031
122011
20311
3120100
2010310
200110
1303000
2200012
1011103
1011022
112
212110
101110
10402
2210002
2011003
2031001
241
121012
1021003
20002
3310
1004011
1210300
32011
1000402
100222
120220
120004
201112
300400
1110013
2004001
1410001
4100002
3000202
2300011
1010320
1020130
4002100
3200110
2101003
3111001
114100
211021
121300
1102201
130120
2011012
21004
2010211
1001002
20041
2203
2001103
1022101
221011
230020
1100014
31120
1001122
2201002
223000
1120003
3001201
2011
110131
1132000
213100
1221100
2000203
3021001
412000
111004
1114
1212010
22120
10210
111031
10411
220000
1024000
2010202
310000
300130
12211
2201101
12004
3000013
12040
1320100
200302
1140010
222100
2211001
130021
3100030
2001013
1410100
3101020
1001104
142
1300000
1110130
220201
1202020
300013
11320
221101
3011011
1320001
3010
112003
1100212
2200000
100030
1002100
3020002
140200
1000114
3010102
1003
104101
10030
13120
20011
2120020
2100103
110020
2203000
4100110
3010021
313
3000121
1300210
3020101
201400
4300000
211030
2101021
111202
403
10204
2200300
13201
220111
1200310
1030
410020
1012030
13111
31111
1420000
303010
200032
101320
13021
32002
100021
1001221
2030002
2001220
1212100
2110102
1400011
102202
1310020
1300012
2010100
30100
1401010
102013
3210100
1030201
321010
1041010
22000
1012003
1020022
1003111
212011
1111003
1320010
3030001
100402
120211
103111
301102
12022
321100
200041
411010
1120210
24010
4000210
2100001
201130
320200
3110020
2102011
402001
30310
301021
1100104
20122
1102003
1000030
2121010
1210000
202111
2101030
2200210
3010000
2220001
1003201
1000021
3300010
2010004
1120012
1210012
2000131
103012
11113
4000120
2000140
2001001
311020
2401
30001
2000122
320101
2003020
201310
201010
1011400
2410000
300310
2020000
2112001
11212
1000033
1001203
3211
101104
11041
2100220
322
203101
1400020
2100022
200011
2020030
2000230
2030011
110311
100102
2000113
120013
40300
3101002
1010020
124000
310210
1200121
20140
2020210
140011
401200
121030
1311010
2000200
2001202
32110
22030
2013010
2400001
2200120
1122010
211
2100004
1021012
1110103
12112
1200400
2200102
140002
1012102
141100
112201
1000024
231010
2210011
1131100
220120
101002
100231
22210
1001110
1010023
10312
1020202
2021020
101230
2101120
3210010
10132
140110
120121
1120000
200002
43
1110301
1101130
1031110
2001211
1302100
400210
400021
4120
202030
2100310
13030
2000101
4100020
2002000
1110310
1012021
3101110
400201
23011
231001
301120
12100
1031101
3010300
301300
112000
1402
1020013
210031
41200
1301101
4
1211200
410011
4000021
1220020
3110002
1103002
301012
2120011
12220
4101010
10
3012100
10033
1100110
3010030
2000320
4000102
202210
4210000
230200
1021
100240
10420
120022
2104
2010013
1120102
1120021
2201110
3121000
1130200
1021300
1000321
20320
21031
1042
2103010
300103
1300003
1100401
311101
202003
1100230
2011030
1010401
20131
110101
202012
1201201
220003
100213
1010041
203200
1002004
42100
4102
3021010
120103
1200202
1003030
2302
110113
103030
2002012
1000132
4000111
4111
1220002
1001401
202120
1012120
1102
2101
310120
11311
2201200
2100031
2102110
2100121
12130
31012
210001
1012
1013020
3002110
214
4000
123001
1204
1000204
4101100
3020011
22021
2002210
2001400
3002101
120040
10003
131002
2110120
12310
102211
1201300
200200
1020010
1010014
1300021
2012020
21400
2001310
11221
2122000
3100012
1040002
1004020
1101001
200113
330100
1023001
1010302
400003
1040011
10024
2300200
1000
2000104
1102000
1000003
101041
212002
1110004
100033
30103
121003
2100040
4210
11131
2040100
111010
2020021
3100
101200
1000000
110212
30004
1110400
132100
1202110
13210
3000301
4001110
2000212
211003
1201210
13003
33001
240010
2003011
220
223
1002310
121201
2011102
1012012
2000410
2101012
1031020
2020111
101221
1202200
401020
310102
3002020
3021100
1220101
2110
4000030
1230001
3000310
11302
2102020
2010301
142000
210013
202201
1024
102220
40003
2010031
1002400
11020
1001011
3010003
1110040
1003021
111301
304000
302002
2300110
111100
2000002
1210021
301210
20020
40
1113001
2302000
3001003
3001102
200410
1004200
1101400
1030000
2000302
1100023
100210
2010112
1012210
220030
30010
201301
101020
100024
3110101
10141
340000
1222000
402100
103021
10222
2023000
1111000
1011040
113110
201211
301111
2020300
2200201
2112100
2200
3001021
331
131200
1200001
10240
2002030
110032
3010210
340
2040001
3012010
1300
330010
131020
310201
3100003
1000411
104011
40210
1011130
212020
22201
111013
2103100
2011300
4030
21301
102112
2131000
2130100
2020003
300202
100321
2001301
4012
112102
1100203
1113100
220210
1112002
1040020
1210201
400300
120310
1201102
210211
2100010
1100410
30220
210103
2004100
111022
100141
1301200
303001
1200022
3100210
311002
1221001
320020
203020
3013
122200
110011
2120002
1301002
40000
210010
1102300
1201030
3100300
101311
400120
3000031
2022100
2010400
2001130
3002002
2100013
123010
1101010
2100211
3130000
3010111
3121
1010212
2020102
221200
210301
121
1032100
1010230
110200
130210
1020211
2230000
1130002
103120
1103110
200401
40120
12202
2030101
3103
1400110
14020
3310000
1001014
3100111
1102030
1210120
2001040
1140100
10123
121021
100000
3220000
2301001
204100
100201
1300300
1000213
1000102
2021110
1030120
10321
4010002
2101000
2120200
4000012
2010103
202300
2200111
22300
2111020
3200011
1031011
20014
113101
1203100
2011021
13300
103003
200020
300001
4201
122101
1003300
1010122
2002102
400
1103200
4002010
101011
22111
1010032
120010
11203
410110
130201
1002202
400000
200221
1200103
1401001
3001210
1122100
3200020
2110030
11401
2300101
102031
3010201
1002031
1301011
1011031
1013011
2112010
2012002
1030012
3301
4010020
2040010
112120
131110
1022200
2014
130003
3101200
200320
230011
30022
2300020
32020
10303
102001
3100102
2110201
2140000
201001
200122
23110
3202000
1030102
203002
101122
1004002
1001101
3022000
4010011
1101004
1011001
311200
1010101
3000040
1100140
1020004
100132
11011
2001010
3040
41110
2020
1000312
312010
210400
1210102
110203
110302
2021011
3020200
4001020
1010200
3120010
2003101
210022
40102
101014
2000032
4011100
1002001
1102012
100123
21100
4200010
3011101
1100011
21220
3003010
23101
3101101
3011002
40012
1021000
200140
240100
104110
1201021
122002
2002120
1002040
3001012
3001
4200001
42010
41002
11200
102103
202102
1032001
1130011
104020
4010110
2032
2001004
1000231
100042
1130110
220021
113011
2111200
310021
1102102
21013
3110200
410200
110110
300100
1042000
1140001
111103
2000020
112210
40111
1100032
1200013
1202011
331000
3102100
1411000
112021
2200003
2100130
21040
3001000
2110210
220012
2011210
10213
1033000
1120300
2310100
203110
1101103
212101
3000001
430
2000110
10231
1020040
213010
412
2002300
1010002
300004
1104001
2202001
300040
33100
1111
2030020
320002
1002010
112030
1131010
211102
2311000
2220010
2113000
3201100
420010
311011
1321000
2100301
200104
2212000
1103011
30301
1030021
1000042
1100041
1010110
4110100
401002
110002
111040
101113
1020220
12400
401011
101401
1001230
1020121
1200211
1001212
130300
3103000
221110
1411
1011202
12121
3011200
2023
31102
1010131
4100011
100003
112300
312001
100420
3040000
3201010
1100200
2020120
113020
114010
3102010
100303
23002
103210
3110110
3011020
1010203
1103101
1102021
411100
2014000
211210
1011310
20203
2101201
102004
1001032
310
1301110
1201
100114
3201001
3200101
1100131
22
2000014
132010
2012011
4110001
200203
2002021
130111
1300102
231100
14011
102010
1101022
22102
1002103
103300
210100
11014
1123
100411
140020
20410
20032
1330
2102101
100300
1001131
3101011
10120
2221
201121
1013200
3011110
1201120
201004
4020100
10000
30202
1222
2032000
130102
20221
30211
1004101
3030100
3000400
1200220
2022010
113200
1310002
31003
230110
120301
203011
1023100
1001410
301003
1012000
11101
3001300
3000130
1020001
1002013
123100
310003
1100302
114001
30400
4010101
2010010
1210003
11023
421
1104010
200212
200311
1001041
4110010
1213
110041
2021002
210040
3010120
11002
4000201
20023
30013
4300
1
2221000
1020301
1100122
1040101
2301100
121120
1112200
1011301
14101
3002011
1000420
301201
2003002
212200
1120
1021210
1311001
20401
1321
111220
102022
2401000
3202
2000041
2320000
2110000
2103001
1101013
3001030
1003210
101302
3000220
1400002
303100
2021200
213001
220102
1110010
3100000
1000300
1101310
1040110
2011120
140101
4003000
1030003
2000401
1300111
1013101
1211020
102040
24100
111130
1000222
214000
1032010
1020031
101410
2010040
222010
1011220
30112
3210001
34000
102121
21310
3111100
1020112
20302
301
2000011
2030110
2230
3220
1402000
1240000
30130
20212
111310
1220011
2011201
11032
20110
2003200
1030210
204010
11410
3001111
3012001
1122001
10012
1130101
1000120
2001112
21112
4201000
1002130
4001011
31300
104200
311110
1200100
3400
130
43000
2010130
1001302
1311100
2113
201100
302110
12010
1010221
110104
313000
2004010
1200130
3100201
3003100
32200
1400200
1101301
2201011
1011013
3000010
30040
1000330
110014
220300
1010104
2041
1003102
1110220
2400100
141001
312100
110023
100
12301
20113
133000
1001020
2003110
210202
104002
33010
22003
1101202
1101040
110401
100111
310111
3300001
1111030
113002
2200021
1114000
101131
1123000
3020020
1203010
1000012
2012101
1001140
2010022
1202101
400030
230002
2013100
2310001
1312
310300
3000100
410101
202021
100312
42001
101140
2220100
1120030
1301020
1021030
31
1303
1002112
1023010
1001311
3000022
40021
3112
211000
122020
1001320
201022
2101300
120100
14200
400111
41020
11110
2000023
210220
200230
1121020
100204
1021021
4003
1022011
420100
13012
1010113
1132
1300120
2001100
2001031
1010410
20101
3004
10111
1213000
400012
1013110
121102
2130001
1003000
1003120
121000
2121001
103102
31201
1000111
4001200
4100101
232
210112
300010
2013001
1021201
4000300
2110003
1302010
1030300
1000210
1312000
1300201
1104100
3010012
1011004
2002111
3013000
2010220
1100221
330001
1202002
1014010
2202010
1110202
2001121
3400000
1002121
120400
3200200
4200100
2130010
1231
14110
2031100
10300
1101220
2212
102301
1100113
2131
2000311
21202
211012
4010200
1013002
1101031
1100002
3020110
102130
141010
1204000
4002001
3100120
2211010
1200004
31000
201013
1041001
22012
4000000
310030
1100020
13000
1110001
2410
320110
200023
1221010
13102
12013
110140
120112
1300030
20104
13
1110100
110320
130030
2012110
24001
302200
2002201
120130
120031
1010011
2200030
12001
1010311
420001
1110031
31210
1310110
101023
430000
302020
1103020
201031
2010121
3110011
1121002
1240
1130020
1200031
1040200
34
130000
2010001
1212001
2111002
200131
110122
1203001
1110022
100012
211201
1003012
1020103
3031000
3102001
1131001
2210101
300121
4012000
4011010
101101
1420
2120101
1310011
2121100
2120110
200101
21211
2002
1220110
4102000
322000
200014
221020
1211002
310012
2100400
300112
11104
1002220
210004
102100
1002022
1100311
1210030
2020201
1111300
321001
1141
3004000
4001002
300301
40201
1014001
11230
10201
2210200
410002
1022020
2320
1101100
302011
4100200
3200002
31021
401110
112012
3001120
1001023
204001
110221
1230010
12103
121210
4021000
241000
41011
2310010
3000103
2021101
232000
2201020
1112020
1310200
23020
221002
4021
4001101
3000211
400102
222001
2400010
103000
1012201
2102200
20200
10114
2210020
21010
300022
304
131101
100330
300220
2101210
111001
1031200
14002
3112000
1102120
2202100
300031
1201000
2104000
1120201
11140
3211000
1141000
1120120
1020400
2110012
101032
4030000
3120001
1022110
120001
122110
2300002
2030200
1031002
4111000
30121
2002003
1012300
1400101
211300
230101
1200112
