2200021
300004
22210
21103
3040000
4000012
2300101
20014
2300011
120400
41002
210130
212002
320011
200122
10012
3010120
1020013
1000420
3201001
3100021
1020103
1001020
31201
3300001
1420000
2202010
10231
2410
1222000
2100220
2020102
3200200
100042
20212
12031
20131
1300120
101230
300121
1100320
202021
120310
210004
13102
3000100
2001013
1000024
1000132
12100
200320
3010201
310
1302001
124
3012010
2002012
202
401200
2401
12010
2122
31030
301102
301021
2220010
41200
42100
11203
32011
10003
130
202012
3020002
4002010
3202
300001
33010
1002001
1021
400120
220012
31012
301
120031
201001
21022
10120
4020100
1120000
3200101
221200
100102
3000013
1023001
2001100
24100
100003
2230
304
322000
103
210001
100024
3310000
3001000
1000003
13
42001
230002
1200010
2021020
420001
230110
301120
100210
12202
4002001
3100201
1020220
2021002
4200010
2200201
1200031
310210
102400
1023010
2030101
2000041
142000
102031
20011
4210
3004000
2022010
2000221
22000
1002301
2311
1003030
3000220
2110030
2130001
1000000
2203000
1003300
1030
1000402
103102
3003100
1030102
2002210
1200040
100240
100231
1030300
2203
2000410
104200
104002
201010
2003002
1310020
240100
112
1200100
1300012
100222
4021000
23101
13012
310102
302011
20401
3020020
3100120
13030
3001102
2201002
2100031
20230
340
231010
102103
101023
3030010
1020130
1003210
1010032
1012
3001300
2210200
2021200
3100030
121003
202201
10000
2001010
3002011
400
212020
1300003
1203100
200023
210022
2004010
2000140
230101
2020030
1230010
2310010
132001
210103
22102
11002
3100000
2310100
2010202
4201
2220100
1201030
1200202
302110
1200310
1021000
110032
1002022
2000113
2101000
303001
1202002
1100002
30001
2300200
1100203
100030
3101020
2002021
400210
231001
13210
1300300
3000001
1230100
1040200
4030
2003011
402001
100420
3210100
2200120
200032
200110
31102
3400000
1000123
31000
3012100
3010102
2030200
2002102
1042
2022001
131002
1310200
1100200
1021030
2020003
3120100
3100012
40012
10201
3001003
3110002
3210001
3210010
100402
201013
1310002
1102003
121030
103120
101302
200221
301300
2001004
110023
32110
4200100
2101003
1040002
1001002
12022
2023000
2000020
1010023
10024
142
1320100
211300
23110
2302
3001012
133
210100
101020
2000023
1120030
32020
31120
103030
301210
200212
202030
31003
2140
4001200
3003010
1320010
1000042
2102020
300031
2020
1003021
201031
3030001
22030
1020031
11023
1210300
220102
201301
400201
201220
201040
200041
20110
4201000
3110200
3103
20032
2030011
3000121
10102
2041
3000310
320020
1021003
140020
102310
2004100
1002100
2001220
113002
1120300
2220001
2000101
213010
1000303
1010230
1002031
2031001
3400
220201
130000
2010301
1004200
1000240
1000312
124000
2201200
2103001
10303
120001
200011
11200
1200013
1003120
1000204
2000002
2101300
300130
1100032
2010103
21010
400003
300220
3200110
311200
130210
2002300
1200301
240010
300010
210040
20104
1024
3300010
2000203
2202001
2200030
1200130
140002
21004
3103000
1030000
1300201
2300110
130300
330010
1301020
122020
210202
31300
3021010
400102
130102
21310
10021
2130100
232
43
2022100
31210
2200102
101032
10402
10204
2030002
3110020
1130002
2010220
2200
1002202
3001201
1
3010300
2000200
2310001
321001
1102
222001
1002130
1033
2002
2000401
4010200
2110300
1200220
313
102001
200101
1020400
20320
3010
1200022
210301
130012
40021
340000
3121000
300100
203020
3100210
1032010
3010021
3200002
2120020
103000
12220
3200020
3000010
130021
1012003
2012002
2020210
1020202
112003
202003
200200
1200103
24010
10042
33001
30130
1001302
3000301
3201010
100330
102220
400000
1120003
2013010
2010100
12004
10240
2003020
400030
200302
41020
1240
121300
110002
101320
21202
20113
10030
10321
110020
3100003
3000130
1210030
3031000
202300
214000
2002120
420100
203110
4000003
1030210
2010310
23002
30400
202120
14002
1204000
2100100
1024000
3010030
430000
3013
30301
2000122
123010
110230
201022
1301002
1013002
1032001
412
1002103
403
101203
3040
311020
120202
203011
1202200
1042000
101200
1100302
2001202
113200
4012
2000032
3201100
2201020
2020120
2104
241000
102010
301012
2001022
20041
3000004
2210002
30100
32200
2001130
3031
2300002
220003
2102002
2010022
430
22
410200
100123
2300020
310003
1031020
200014
2103100
1100230
100303
2100022
3002110
3100300
1000330
304000
21220
220000
200230
1001320
1030201
421000
1300
4000300
2113000
202000
12013
312100
210220
130201
1000120
1000021
2131
2200300
2311000
1002010
3001120
202210
103012
2122000
3211000
1203001
4012000
30031
320110
102100
201400
3001030
3100102
1010320
100312
10312
1213
40000
2013001
3301
42010
2010040
2010031
1003012
2001001
4030000
2013100
1303
3010210
121000
300211
10213
3112000
1020022
11320
22012
2020000
2200210
402010
211030
201100
3300100
1002013
2001031
240001
1321
220300
1040020
1000210
1230001
3020101
10
220
201130
2410000
2100301
2010001
2011000
1012030
20410
241
4003
130120
120013
122002
202102
3011200
40300
1023100
400021
104020
1321000
103003
300022
2030020
3021001
40003
3010012
20002
2001301
113020
2200003
203200
3200011
1032100
12103
4021
3002020
1021300
1022200
3102010
310021
321010
32101
12001
1201003
2100130
123100
1132
3021100
1020001
14020
43000
103210
201202
2401000
331000
1130200
1000033
2400010
2110000
2040010
420010
4102000
3002200
4000201
110302
14200
120100
21040
3012001
2010130
1004020
1031002
22120
12301
2020300
302002
300013
130003
1330
30121
22021
2000230
1030021
120004
2000011
30112
2032000
1240000
220030
1302010
10300
210031
200113
1030030
1000300
310300
200002
2011003
212200
3000211
120010
4000000
1102000
2023
3030100
303100
2001400
232000
2104000
1022020
1003102
100204
211
2320000
3000040
2003101
410002
100012
10420
20140
2200000
3011020
1000231
1003
34
2002000
1030012
2001310
1300210
1200001
40030
2012200
1020040
1300000
1132000
3101200
20311
3020011
12130
10132
401020
312010
30211
3022000
3000400
1001023
4210000
2210020
2101030
1220002
131200
31021
40201
1201
4003000
3000202
1002220
112000
204100
203101
21031
10210
133000
1220200
1030120
13021
2041000
34000
310120
2003110
1000213
40210
310000
1100020
2040100
1002040
30310
3020110
20203
2301100
3001021
2101
1031200
1000321
2000212
2000014
222100
13120
1220020
102202
102301
2000131
211000
310201
200140
1231000
4300
3310
21100
2000302
1013200
3011002
3001
1000201
230011
1020310
2020201
30013
213100
220210
3000031
4000021
103300
1020301
132100
20122
2011030
2000311
103201
2002030
2400001
302200
3013000
320200
2320
2014000
3100
330001
2120002
2040001
3010000
1000
2001103
21013
4001020
3001210
112300
22201
2003200
2011300
23020
20023
1231
1320001
300310
2100103
2200012
1000012
4100200
2130010
3102001
1010002
312001
100120
2221
1402000
1210000
1103200
3120001
300103
402100
23200
301201
3102100
100213
220021
12040
3202000
2100040
4000
300040
1010203
102130
200311
4100002
1400020
300301
120022
2031100
13003
132010
31
2110
2010400
30022
1001203
321100
4020001
2212000
1102030
11020
1210
1204
1123000
3120010
120130
123001
201103
2100001
22003
3220
400012
2230000
2400100
2202100
1120
2011
300400
2000110
223
1200004
2004001
110200
3301000
2301010
2100013
30202
2032
210400
210010
100000
2102200
2031010
40102
3010003
2002003
2103010
1010020
1004002
1012300
221002
2000320
4000120
13000
1103002
20200
30010
3022
200131
403000
1400002
223000
24001
3000103
120040
2010013
2000104
120301
102040
3130000
2100400
2100010
11230
2100202
10222
300202
2020021
1300102
20020
1000222
3211
4000210
2140000
1301200
4
131020
13201
421
2120200
2301001
1200400
2113
2302000
221020
100321
1022002
220120
204001
302101
4120000
3002002
1201300
301030
2002201
110320
120103
300112
330100
130030
2110003
310012
214
1003003
4000102
412000
3004
1030003
1012000
13300
320101
1130020
100033
2100004
204010
102004
100201
1222
400300
1312000
203002
10123
2212
40
401002
12400
1102300
1302100
4100020
1033000
313000
200401
20101
211003
1010200
20302
1002004
2010010
21130
21001
3112
1300030
1213000
303010
310030
302020
102022
200410
100132
3003001
230200
210013
100
140200
12310
1103020
2020012
1002310
1000102
101002
2131000
1020004
2010004
10033
1001200
410020
1420
3000022
320002
100300
22300
1002400
3220000
4002100
1203010
4120
4001002
1300021
1001230
3002101
2014
1201000
2100310
10330
213001
20221
1312
2221000
32002
30040
222010
200104
1402
301000
3000112
120220
21301
1013020
201310
11302
1330000
1001032
4010020
1400200
1210003
4000030
1000030
1202020
30103
122200
110203
11032
1303000
4200001
4020010
2001040
331
231100
40120
4102
4010002
230020
2030110
102013
100021
30004
311002
210310
201004
23011
1100023
2012020
322
1010302
103021
1020100
30220
1020010
1123
4300000
3101002
200020
301003
33100
1003201
3130
112030
21400
3121
121
3020200
1003000
200203
