34003
400
2033020
2020330
2020303
3003130
304000
301330
3002023
130300
3320020
3303001
2033200
3010300
3020200
1003000
200203
30232
30313
3302020
3003013
303310
33103
30400
304
4300000
3300022
333100
330310
203200
301003
3202000
3001300
330004
203002
1003030
3001
4030003
1303003
3200002
1000303
300340
3040
3310000
3200032
320032
300220
300133
20200
100
4000030
3200200
3000010
10333
1000
3031
2302
130033
320002
103330
43300
40030
23023
3130030
3103030
3300100
13303
10003
3010
4000303
3203200
3020320
331000
13000
2002
3301030
3030301
3030022
1003003
330103
302020
4330
3022
2030230
2003023
300202
43003
22303
30331
334000
302230
3300220
2200030
3300031
3043000
2023000
3022300
3022000
3030013
3000130
230203
303100
302200
34
4033
3232
2203300
403300
133030
223030
31000
33100
203230
301033
2300320
1003033
2000323
400033
340300
330400
31300
32320
34000
220
1300330
2000320
220300
330001
103303
300400
3013003
3004300
223003
303130
40303
2332000
3023200
3010030
3002032
3403
3013
322
3030400
130000
320020
200032
13300
30034
4033000
3004030
31030
130
3203020
3200230
1033300
333010
301300
3030031
2003203
3000400
2000332
433000
223300
30403
3340
2030200
313003
203302
300304
332002
200320
22330
31033
1000000
1300303
3020002
3030001
202000
301000
20002
3100
4003300
3013300
1003300
30202
30010
20023
2320
2200033
3020023
3003310
303001
40300
232
3300400
3023002
22030
103
20323
4000
2003020
310000
232300
320203
23032
32002
4300030
3320200
3013000
3301300
430030
300103
10030
3133
2303002
3022003
1000330
400000
230020
202030
4300003
3020230
1030303
33001
3232000
3030130
3000100
303301
30130
3200203
200230
30001
2230
1330003
2003032
100333
330010
310033
3400000
2233000
3310030
1030030
3020032
220330
300040
31003
4303
3000301
133000
100033
300001
33004
3130
3100300
1300003
3300001
322300
200020
2023030
2030203
30301
400330
331300
4003030
2330002
2303020
3040030
3040003
3003103
300232
1300
2020
3002203
230320
130303
32200
3310
403
3340000
2300023
2003200
310300
303400
22033
301303
30340
2203000
2300200
3003202
3002002
133300
310030
331
3032002
430300
400030
330040
200233
313
2302030
3100330
2032030
320320
3331
3130300
3030103
31303
30310
1003
3430
3202
1303300
3001000
330220
300403
200023
300013
4000033
1033000
230230
310330
10000
313000
2323
3004
223
3313
3301000
3300130
3013030
2000233
300331
43030
23320
4330000
3400300
2302300
3040000
3003040
220303
1300300
2020000
3003010
3003031
130003
34030
3003022
3000322
3400030
3202300
3202003
3023020
3010330
3030310
320230
230002
103003
202003
300031
3223
3303010
3001303
3000031
322000
32302
32023
3300040
3020302
322003
20332
3430000
2003302
133003
100330
3100003
3010303
3002230
400003
300010
30430
2000002
340
2320000
3022030
3001003
2000230
3000133
3000043
2020003
330013
300004
20032
3230200
2300032
2002330
3001033
3000310
3302002
2300002
3031000
1033030
3032020
3010003
2000302
230032
3301003
2300203
3300004
2033002
203032
23302
2323000
230023
33130
30100
43
4300300
3300010
2003320
23002
10300
3301
300022
4000300
2302000
1033003
340003
223000
323002
23230
33310
4000000
3200302
3003400
1000030
3000022
220030
30022
2023
133
1300030
3000103
333001
230302
100003
13030
2300302
3004000
100000
303004
300301
3200320
3300202
2032300
2020033
2000023
323020
23020
32020
3130003
3020020
3030040
1030033
3003100
220033
3043
4030030
3220030
2003230
1000033
233020
310303
22000
4000003
1333000
3220003
3100033
323200
300313
3310003
3002020
3003001
2000203
103000
20320
1330000
3130000
232030
100030
33202
3031300
203203
303022
302002
3230002
3033010
2030320
340000
330202
200323
3000040
320200
203020
200002
3220
301
3400003
2200330
3300013
3010000
3002200
322030
1030
3303100
2200300
3000430
220003
304300
303031
331030
233002
1330030
2303200
3100030
3031003
2030302
220000
40000
31
103300
23200
2320030
2302003
3010033
1000300
332020
130330
30133
3330100
2200003
30040
4003
1303000
200302
33301
3322
33022
2020030
1030003
3004003
3000340
330031
33220
3100303
2002000
320023
2002300
10303
3103
2332
1033
4030300
2023003
2020300
430003
33400
1330
1003330
400300
343000
130030
430
30103
4
3400
334
3033100
1003303
3001030
400303
30043
4300
302023
300223
4000330
2230003
3302200
2300020
2023300
3030004
32203
2200
202033
100300
3230020
2203003
2002303
3000331
3000004
430000
200332
300043
10330
10033
4003003
3200023
303013
100303
300034
33013
32230
2320003
2032000
330301
302302
2032
40
202303
300310
1300000
3220000
3313000
2030020
1000333
340030
202300
30223
30322
2233
2230000
3133000
3203002
2030002
403000
1
3300103
2030023
313030
303220
33040
20230
3310300
2030032
304003
302203
300430
23203
330100
30004
2203
1330300
3032200
332200
331003
3220300
3320002
403030
232000
30220
3202030
3103003
1030330
2002033
303202
13033
4003000
2000200
313300
103030
40330
40003
2003002
1000003
330130
20302
20020
3403000
3040300
3030010
301030
40033
31330
30013
300322
22003
3331000
2002003
3000220
3000001
230200
203320
30304
4030
2200000
3200020
3000304
2000020
3000034
1303030
3000403
303040
30031
433
3100000
3223000
403003
300100
20233
20203
320302
302320
2230030
1300033
3033001
3003301
3000013
232003
34300
1303
13330
22
2330020
3103300
3020203
233200
303010
302032
1030300
3030220
103033
32032
343
13
33010
3304
4303000
3330010
3330001
3300310
3300301
3003220
3034
202
2032003
2002030
22300
10
3322000
3103000
3030100
3030202
3000232
33031
3304000
3031030
3003004
310003
13003
1333
2230300
2200303
3002320
202330
43000
330022
203023
2320300
2330200
1030000
3034000
3001330
2000032
200200
300130
310
3000202
304030
4030000
2203030
2300230
3002302
3000223
3000313
303103
