220000
30100
10
111100
2000110
1300000
2002000
200200
2010010
1001101
4000
100003
100021
21100
11020
12010
30001
1002010
1100110
1111
400000
13000
1030000
300001
3000001
1000102
12100
121
2200000
3001000
2100100
1010020
2001001
1030
210010
2002
101020
1011100
200101
1201000
3000100
1002001
2011000
2020
1001002
10102
1120000
201001
1210000
1200010
2000002
1111000
1110010
310000
200020
10012
1120
1010110
100000
202000
210001
300100
201100
1101010
200002
1200001
10000
3010
1000300
1000003
10003
1000111
2010100
22
1100011
1200100
1020100
1011001
1100200
20200
3001
1
11002
1003
2000101
201010
3010000
3000010
1002100
1000201
11200
11101
2000020
301
210100
1003000
1110001
20011
300010
20020
211000
110110
1021000
101002
1100002
40
103000
130000
22000
1001020
1102
12001
2110000
1020010
1300
1010101
2011
1001011
103
120010
1020001
1001200
130
1000120
1000210
40000
110200
102100
200011
21010
10021
2100010
2001010
100012
1021
31000
400
121000
100102
20101
10111
100300
101101
100111
31
202
211
2200
1110100
1100101
2101
1000
10210
1000021
301000
3100
310
100201
20110
2020000
1100020
110002
1012
1000000
1010200
2001100
110011
11110
111010
120001
101200
100030
112000
1101001
2010001
13
1011010
110020
100120
1210
110101
11011
20002
200110
1201
101011
30010
120100
100210
1102000
10030
10120
10201
2000200
2110
1001110
2100001
1000012
1010011
10300
220
4
1010002
1101100
100
112
4000000
3100000
2101000
1012000
102010
1000030
2000011
102001
21001
111001
101110
