3300023
4003301
2340200
1330100
1031003
201023
4022000
1032230
3230210
210302
101300
201032
31232
220430
220031
230024
4310300
3402020
10232
3002300
110030
3312200
1000304
400310
213200
120320
100034
31331
33401
3203300
2100203
3010034
1320230
2130032
2030024
13031
13313
4310003
2300240
420302
2240
30110
232103
301313
31430
1304030
1020203
2320040
3100130
430001
402023
310220
3200012
3031301
34010
3201203
32240
2303300
2000312
3400004
312203
3032210
103403
3313010
4320002
1033400
204230
103313
103004
2022023
3431
3020132
20420
20324
4322
3040022
31043
3200201
4002032
2000042
3233000
4000034
1300043
3010010
323210
3031001
331400
304022
2420
220103
310133
2220203
2002220
13301
3201032
12320
32402
300203
2023103
2002022
2303003
3030122
4040000
3003302
210032
40013
2201030
2200001
3130100
34022
2020223
2330201
3230201
222203
1300340
2300132
2002223
3101000
3110
1030304
413003
403004
210230
21020
3002402
1320320
3202100
243002
31100
232202
321200
1331
104
1013000
3430010
311300
304013
301400
1202330
3100133
4300001
4002203
133010
3310220
3002120
331310
3041
1233020
2330012
2012330
1032023
4031003
1433000
2213000
2423
223400
2400320
2220320
1002020
3320201
300110
2322002
2200010
2040203
1003043
221003
102023
322130
2001020
3220100
3201002
32321
3010430
3200420
202040
3010322
3303101
1302203
2030
3210023
2301002
1023032
440003
232010
340310
21320
3001403
300143
3210002
10034
1334000
100022
1023203
3131300
3013400
3010013
10133
3003131
4000010
40010
32210
1000403
302
2332100
310400
2201
334100
331202
422
1001303
2042000
402020
331010
4010033
132203
130220
103232
342200
320231
2202302
2102033
2300231
1031300
2020043
120332
340103
43100
3331100
3004004
1300022
400001
3040130
3002240
2000000
233300
1330130
2310020
1301300
32300
3021320
221
1320302
3102200
3100340
3320120
4300400
1223000
430400
101303
2342000
212003
43130
2243000
1103030
2012300
1033040
3022004
301004
3000440
30134
2400023
2231
402002
3031220
303113
2030312
2000210
103031
20102
331040
2033102
202034
2020004
430031
221300
4002020
2231300
203
340220
41003
3410
4032200
1330301
2302022
2030213
43202
32021
4030010
32000
2003024
132320
203240
2331020
130331
1332002
1002320
3023
213320
2200403
340301
324002
202232
331103
30104
3300203
20423
3301031
31133
3300410
300011
4100033
40130
3000140
1130033
2202032
2004302
420230
3321200
322040
320132
302021
3033110
3000203
1300313
133400
203012
2230004
1303010
2003213
2002040
203321
3001340
2022302
2020313
1000034
404003
231200
232001
1310030
2230022
3043100
310430
4200032
3030302
332000
100433
3010304
3031040
2204000
1202033
2000342
122300
4400000
4103000
2010002
40340
301103
3200303
440000
3013031
1301330
2203013
30203
110300
13004
3001130
1034
3120020
202133
3020033
2013020
423200
122303
22310
3113
1103303
3122030
2430002
2103302
3200204
3100031
130100
4030202
1030322
221030
2301302
2200430
1000010
13430
13220
30143
4302200
3220001
100133
3002123
3311030
4001
4202030
2403020
1000100
331013
3300032
1322030
202304
3043010
4100
4004
300140
3230000
2324000
2023031
232040
3020300
1000004
3103100
432200
3012302
341300
4220000
2213030
3100322
301301
400040
300131
1022000
30020
2002100
300113
3103130
202130
140
3013013
1030220
213032
113003
320213
3302
310202
203330
401303
2303120
3313001
3022103
3031004
113
20213
3304010
3003104
1031330
3000131
2223200
1303130
131003
4001030
1030130
201002
4000340
4200320
1100000
2231003
20303
2002310
3410003
3022040
3010232
1340
1323002
1330004
3220400
200210
100340
3340001
3003113
333110
203303
1040033
3020030
1013033
2032031
313310
10001
3000230
1343000
2200031
113303
3001322
4320200
230030
3011000
3031310
330410
2102330
2023220
413000
40004
301403
3242
4400030
2100230
2000204
433010
4043
1034030
2001320
1003133
400400
303020
1300322
40100
1323020
1020020
104303
340013
4003130
320330
300020
1040030
200042
323003
3400022
3102020
3013301
2123030
200201
3300110
3103001
110330
3022013
200003
12332
3210032
3104300
2323100
1330103
1220003
1301000
2032310
123230
233210
102320
3040301
203300
3010001
404
1023023
3133100
210323
3021032
4023020
42032
22400
2103032
113000
4403
3000242
330230
3030104
30401
2020130
401300
204302
304310
3302030
3221030
104033
202403
24032
300122
2102000
223202
3003140
3300014
3202310
202331
100301
222200
2004002
34001
3032000
2203220
3131030
2001032
2000123
3202022
2400200
2130002
1203302
2
3131000
303110
2001023
32222
2204300
1300403
1403
3220031
43301
4100000
1033004
40313
301100
303122
4223
30122
3400130
311030
1310033
3102032
230240
11300
20231
230033
2300402
2013200
40232
14330
2013320
2031302
22430
3001232
301310
20132
1430
1313
2202023
130202
4030040
3302012
4230002
2040023
2312300
1302302
100430
4313
400340
232022
4031000
4000103
2320202
2032100
2003123
20201
3002312
2013203
233201
122033
3010403
1403000
3400001
3003311
2030021
2003012
301331
31304
3032030
2204030
300302
222302
3322001
40400
23420
2420003
443000
310301
33002
3100022
123320
2300300
4001033
21002
220340
341030
321230
143
2130023
340004
2020100
1030403
40202
2001200
3400103
403130
3020003
1100330
1001033
3110300
443
203000
1001000
3400040
221303
3314000
3330110
432002
30044
3401030
3310103
1313030
3130013
203030
1020023
30002
2001332
130340
24023
1230020
3302120
403103
203120
3140
4103300
2030231
220022
1003400
3200120
3302300
2402000
3043001
1403300
2200301
110033
324200
4034000
333020
1200230
1003010
104030
100001
320420
41033
1043003
2023040
1030400
1002230
4020200
400013
330113
301040
2200043
32330
1023020
2000402
3310010
1020032
140330
23231
213230
321023
320204
1202300
313301
2400203
1000022
431000
201323
200204
304202
3303002
120023
1310303
103301
10304
3301220
3040100
3003122
4000310
3113003
3204020
324020
300221
100322
30221
2200223
1300301
3130220
202310
3011300
3022400
204200
2230202
1300232
133202
103322
43001
10331
30224
300044
4330001
3410300
322400
4032002
1040330
1022003
3000401
103040
44000
2022320
2030420
3100010
230213
202031
304100
2320022
1013030
303230
20210
3002042
300242
4030100
3102320
310040
31040
23
14000
2232002
1001300
21302
3320300
113030
3012032
1304003
3224000
3010331
4000040
1200200
3123200
223310
3222200
203312
10013
3004103
31202
103310
4010
240020
133103
3001304
3300002
1302230
2030042
1003100
310223
40031
3002201
1333001
4000043
2233001
1130003
2202230
2002130
3202031
3001043
2120033
3200102
3004130
32
4003031
23000
3102023
301001
2222300
2303102
23300
2012033
321302
3030131
3023030
2100023
3332
232013
4302020
3310130
4040
2020400
3210302
4103
30440
4013300
2030030
1001030
410330
403010
31322
30410
20
3400010
200243
3011330
4300031
320030
1030313
200324
304040
2300000
340031
2301020
12020
3003401
332003
200240
3001220
3010130
300413
2030003
4033010
1300010
2023001
3020
3203201
2301200
1013300
230420
3302102
3002021
4000313
2302202
410000
3020024
13103
3110330
131000
4001000
1303001
30032
31022
1400330
2200022
3311300
21032
200021
4300130
2043200
312020
2233010
403001
232220
1004000
420020
3000224
2200004
3133010
202100
3000011
4202300
4003010
2210303
2220032
232130
440
4100030
1202030
3132020
224300
3030212
4331000
2023004
2020340
2002304
2000132
2000213
204203
2432
1000202
210002
3004010
1330031
3130301
240023
4030301
2203100
3220004
10433
2033000
4002002
2021000
1034000
20321
3301202
1333100
230042
2003003
1232030
2320400
202340
4003022
3400301
240320
3010310
3010133
4013000
101330
4000301
203123
200432
1020320
4003310
2132030
1302032
231302
2203310
3100202
203204
3010340
4040003
4030220
2201330
2100332
200120
3012230
313130
320021
3000122
2320301
2002400
104330
4004030
20030
122000
3310013
2300030
323000
2330210
40103
4000322
1302020
2032130
1030430
2020031
3040001
1203200
2300024
2012303
40220
400202
3301013
2013032
3230120
3101303
3200402
243200
103430
30140
1303100
1001330
3001103
10004
220040
120002
3021023
2003
40043
2002133
1000040
140030
3200024
432020
3002
301043
2032103
3320210
3004310
1033031
30230
1000130
403100
313001
4130300
1040003
3113300
24020
1030001
302012
330131
2222003
320033
120323
3130202
14030
1331030
1310330
2001230
242003
201200
301430
212330
12233
30212
4301000
2203040
3212000
3120320
23201
1200332
3402200
203222
3030140
3311
1320032
1010030
1000001
3120200
200123
3040013
313031
330104
4300310
3200033
403040
132023
103022
310340
2042030
31403
2330102
1030010
323012
10031
2132300
3032120
2230100
2304020
2103200
320402
320102
3300020
3000320
202400
32204
200012
4000100
1103003
3300221
33041
2003033
2032220
240032
123302
42320
23213
30101
4200200
3110033
120200
3331010
302201
2132003
302300
133013
23204
3034001
3031202
333002
133001
202103
302240
4303100
2001302
2303201
2032010
3100331
320042
11033
2130203
200330
23402
2302400
304301
30320
3200231
123002
3400202
334010
2002031
310130
20021
2021
33221
2322020
1002302
132200
230132
3312020
340130
3023000
3033020
2302040
32312
1400303
1230032
4000430
2000303
4000013
431003
4040300
410300
331004
3113030
3001004
1033022
1002023
130034
202010
3310040
13130
22043
3004013
2332001
3340010
13202
1043030
1133
3300101
1031
2203103
3140030
220004
101030
3030014
2030303
3220220
1301
3203030
2313200
20300
3200000
1003013
400223
2010233
430103
231023
3022301
3030203
231203
3023120
3023102
3203003
4030022
3000032
3401300
130133
313004
302024
303311
44
2303000
1100300
210233
12023
4203020
4000202
1032302
2021003
2000423
3004040
4031
1430003
203033
2024003
400100
2200034
1000343
3102002
400022
201203
304010
3011
140000
103223
34031
203420
23321
320003
3212030
102200
322310
4003220
2040020
330014
2002403
1000220
2213
1304300
3041300
3023210
1200233
2100233
1032203
340010
22022
2032001
3103310
34004
2201300
1301030
320210
20024
3440
3001313
3422
2402030
3002210
101
3000233
1310000
3103010
402203
3000002
3022010
3001040
3001013
301304
2031020
100040
3321020
300440
30422
3030011
3014
4300013
4010003
2021033
431300
20312
320000
2123300
230330
2010200
2042
4202000
2000201
4133000
32030
3222002
3120032
1300130
2003312
430220
301010
32012
3003020
303212
300401
4030130
4030031
4004300
1033001
322103
1322000
301220
1230200
302033
1032002
2003402
230201
3012320
302102
4304
4223000
4032020
1230203
2210
1023320
3032
200102
343010
4203200
3030020
2000
232031
10313
2312030
2103320
33200
230120
2021330
3100400
122030
220133
22340
133310
24302
1400
2222
1320203
33011
2001002
100220
4020002
3003032
2203001
320120
301232
3320030
1000340
130010
203102
202022
33101
2024300
1000433
2000231
43010
13043
1004030
21200
1230230
30014
430022
223220
132002
300341
3300230
204320
22304
1013
134
3330002
2300210
2010302
4000001
230300
43022
2022200
2023100
420032
300134
1043000
422000
42203
2040032
3130031
3100310
222023
331001
300014
3332000
3300320
3030200
1133000
200333
110333
1331003
2203130
223100
102002
3003203
1232300
233030
2033012
4330100
1200323
1033301
32120
3303110
1300223
300023
3100013
3100001
230321
200231
302042
2003210
1302320
2200322
1030031
440030
3022001
310403
3003221
3200213
312023
200300
2031203
1000400
4022300
1340003
2002013
3013130
3300140
100304
3400100
223130
321203
3002132
30041
1330001
2320004
1000310
341000
22223
3143
3033002
2032400
3440000
31313
400043
3012002
22103
3202202
322013
310034
12032
1200020
300032
4002302
2004320
1003331
3403100
204020
103043
1303310
3210320
3320000
4232000
330203
220322
3301301
10130
10022
1322
1022
2002034
3232001
1130303
2000024
410033
313100
33131
2020304
230102
1033013
20003
331022
330023
3320
40310
4020020
4003040
2103002
4002023
330320
3130103
413300
1403003
2220002
1300040
220400
3023201
10010
33311
342002
3002321
303011
2120000
2220230
401330
3000200
3400031
3200123
202001
10340
3413
3134
3020222
2300012
2013023
1003223
2002322
30431
3102203
2300303
1223030
1022330
2020232
321002
4000400
1010003
3220202
220130
1334
2024
3022100
4022003
1003040
230
213302
230021
2340020
2320001
2023310
3130040
2000030
302123
2402
4010330
302330
3014003
11
3230030
3303200
201230
3000101
1020230
3020210
22013
3140300
1203203
220043
3020231
2320310
401030
233003
330302
2031002
230012
33203
1020323
3000332
2403200
2120030
2210033
3130001
410030
222230
102302
2304200
1020302
2000120
430040
3020102
2342
2340002
3200210
140300
3002231
133301
13310
1040303
3143000
3200312
3014300
2034020
3130130
3104003
3100043
200234
3004031
4310
4031300
130430
14003
13223
1300031
3230102
1202
341
2030300
332
3402002
2232020
1330220
2031200
3301001
301322
1400033
321020
3000431
3200003
2200331
3100430
34013
130403
103013
1030013
322010
3004022
1230302
2200340
1033220
313013
33212
2321003
113300
2330120
32213
310232
3101
3013103
2400020
1300304
2031023
1003301
40022
2423000
2003201
3210230
1313003
2230031
322301
3304001
33110
3232100
3202013
322202
2132
2240030
302210
32102
2232200
1020200
3040103
10343
4313000
2100200
1004033
320201
10043
2330000
4103030
3103400
3202004
202223
100130
310013
1020332
224003
3331001
1322300
2102303
1033103
130232
2023022
132032
310010
3001022
1010300
2020331
313103
3123002
100313
2002331
130310
3000212
4020302
2302100
1023302
400130
132230
303401
2230310
3002222
40403
4040030
1031033
3044000
3001100
2321300
242300
243020
44003
22313
330311
2400032
123023
221033
203402
100202
100031
1200032
1010033
3323
3020321
4300004
2013002
3202001
3040220
4030001
20033
310103
42200
330140
2321000
1331300
220202
3310004
13010
334001
34103
2000300
2040230
400103
1343
2300042
1000301
3200132
2300201
232310
220001
1000043
3300302
2030000
4003100
1400030
3403001
3320021
41300
12200
12203
1320200
200303
222320
130304
300422
333011
2213300
200420
1200023
1013303
420203
400304
130043
232301
304130
1200320
1033130
3101330
313040
4300100
3041000
21023
1040300
1032032
3120002
3020213
41030
4000403
222032
332102
2001203
2003204
3100040
312302
3230300
323300
2022002
3130400
220313
4300301
2320031
130013
202013
30311
2002202
2002043
3000113
212300
103034
34301
200132
13100
23024
2332010
3000020
1302200
3203102
131030
2100302
3430001
313400
30341
2102030
300230
20330
40301
3002012
4010300
1203230
1300034
1002323
3212300
100100
1300310
231002
43013
4310000
2024030
120020
43310
3303011
2300021
2024000
130313
303221
3101030
231230
3000410
4200020
41303
330212
2020001
22220
34400
402302
3330200
22100
1000031
23123
3001031
4100300
2032202
3003101
3403010
212030
1303202
1003310
3202040
201233
200222
2023400
314030
3000422
3044
4000031
2003102
422300
4340
2020202
1030022
4430
4220300
200030
101033
40133
4130030
1203002
133031
330200
3300311
2201003
232004
330101
4322000
1340000
2304002
1031030
3430100
3032021
332210
2002001
3200240
3032102
2004230
403022
4320020
1004003
32420
3003014
2103023
3431000
3042020
3301103
222020
3010040
11000
4001303
1032200
2000021
3041003
3302000
130040
302420
3230003
3002033
2102003
130322
2020301
1003103
1000322
240203
302132
31400
2100323
2022032
30323
3004400
4130003
3003200
101333
2021303
3200222
320012
43220
301034
4300202
400220
3321002
2310230
1220303
33023
3203
1330040
131300
3000341
3100223
143003
103304
14300
4023002
3223010
4030004
2043020
2010320
2030210
3031400
330110
3302003
1340030
32303
430202
131303
4013003
4000133
1400300
3030032
2203004
312200
222002
12230
323030
233
223103
220304
3023003
3220013
132020
4303001
1220330
3001331
330122
4030310
2000333
1300400
1030004
10322
33122
1020233
30413
2303021
1022300
312320
332300
302000
1100333
2000102
3023021
3212
3401000
220034
3341
2102300
20123
332012
2400302
2130200
2010023
3022310
1203023
2032040
123203
101003
310031
41
134300
134030
2202320
1033202
230312
3010022
310331
310022
2200202
4033001
3100100
3010043
2210330
1330013
1031000
230231
2201000
2203010
2200133
3220310
4310030
2402300
2322200
1332020
212000
2300222
2013230
33032
100010
310310
2200313
3202103
134003
1004
20042
3002213
4200002
1220000
2312000
1103033
203024
340202
300212
3000044
2004200
1002002
422030
1130
1331000
2133200
2331200
1330310
1002203
1010303
3003041
2420300
1000313
100232
3301010
4020203
2310320
3410000
133004
100334
42002
3023300
2330021
3103301
430310
220010
1223003
1013330
201320
332120
2012003
3203210
434000
344000
313010
331031
3030230
2204003
3202220
230123
202004
3300104
1003001
413030
102332
2230130
3021002
301130
2430200
2302220
224030
200423
3020042
22001
2200232
3020402
212
3201023
4010303
1430000
2230010
2003321
103331
3032003
2320100
22133
33113
200
3220022
234200
320240
2313002
400232
204002
3131003
3013001
20402
213020
2333
223031
3011003
11330
33140
3200330
4004003
2230040
3231200
133022
201302
3001001
23033
3100313
203201
2210003
3012020
40430
2003021
3010313
3010202
4130000
2042300
3400310
13331
302231
31103
333101
1302002
2040200
320
302003
343001
3120203
320321
43004
3030410
3010400
3002024
303131
4002230
2004020
240002
300314
3212003
30314
4030103
2201303
1301033
2034200
22010
3002102
2324
3100301
23021
4000130
2240000
1032320
430130
240200
100013
3021203
3030113
303032
2040002
3110003
3103040
210332
3224
2234000
2302010
203003
103340
203213
1433
1304
210020
320222
302120
2240003
201332
4031030
10100
20243
2300
3233
410003
234020
130223
2302004
2020133
120233
120032
1220300
2040302
1030100
223001
11333
3301022
2330003
2203400
3130310
133220
40040
224
110003
2231030
2200400
1030040
1001003
3002204
2130020
2022230
2002430
133130
223040
1400003
2200310
2033120
311003
310313
3002000
2130302
2003231
130004
11003
2033300
3420002
3003320
1013003
230402
3020120
2120003
2033201
202301
303101
4033100
2133020
2321030
1230023
2000420
3210200
34130
32042
4001003
1322003
1030103
3223001
110000
3041030
3040400
3004220
4300220
1020002
220100
44300
3000023
302030
3232010
3120230
3230
3024200
223301
204023
240230
311000
40223
3000134
3032300
2030033
430301
2300312
23003
200402
3042002
3301100
3001223
2303030
2020220
22331
4202003
1230320
2301320
140003
403013
2031032
2032013
3021020
3300212
3000323
303023
403400
104003
23120
3330011
1030301
220301
4301
4001330
140033
4133
1030034
1202303
103220
10040
31223
4200023
3400220
113330
3301004
3200030
4300010
2203031
3103220
420200
303041
1313000
2120300
1003004
22031
3203000
1330202
2200130
1000133
130001
314300
24230
13403
2000033
1030133
2003042
3002330
1300220
103133
310043
1300100
4301030
321320
402230
133100
304103
1300103
2023301
400034
202322
32132
2030102
3101033
122003
43031
4100003
402032
3022031
4023200
2220200
213002
431
4004000
1300202
233012
2120303
313202
3000314
3122000
122330
212303
210023
2310203
3110000
14
300332
2020310
2020010
240302
321032
2302301
300002
2002301
3012200
3003410
320300
2301023
431030
3030320
3322100
3022220
1033100
1003340
400331
322004
4013030
100103
322022
33014
1310300
33320
3231020
1040
1303031
4020032
2030132
3042200
3013040
1200002
34310
2020403
1003313
134000
3020204
42230
3302201
332201
2233100
3203021
100043
3013100
3000014
2012000
120302
3031010
1320002
3420200
3202130
1034300
1003220
3400400
30404
1330010
2020322
433100
330041
2020034
34220
44030
410
3000110
2130320
1003130
2000234
210320
323102
434
3300041
3201302
3313100
3022130
4300040
22202
301223
102233
103202
22034
2420000
3020012
2200220
3120302
3100103
300101
100343
3013310
31010
1303301
1034003
12302
4220003
1003304
3200321
3040040
3130022
113033
1232000
31001
2004023
2003132
3002420
202220
21323
3001430
30023
320123
32003
20342
4202
2012
330401
2210030
2302103
2000324
3401003
3221000
3311000
13001
3030101
3030002
1023002
200024
20204
344
1340300
1130330
3102302
3103004
31034
3002303
1133030
3100004
1303400
2003300
3110303
2034002
402200
2042003
3200021
4301300
2400002
1301303
3201200
14303
3004001
3101300
102032
21203
20432
2230220
204032
40331
4220030
2230400
1040000
3222020
3122003
3040310
323
403031
242
4330010
2312003
3003110
2240300
3022022
4130
303140
2100020
2030402
3301040
3231002
3120023
103400
3001400
4200302
4001300
3003230
1403030
2030222
1002200
2003030
2300420
3221300
400301
3004301
3000143
3104000
22301
4002200
12002
2230103
302303
10223
2234
230003
202202
3010031
13133
2321
2033003
1032020
2033
400133
130103
3012023
2213003
110303
32033
3110030
3201230
102203
3000413
33410
4100330
1202003
2100320
33230
1030340
3103202
3040010
3000302
2100032
220223
20012
1300004
400031
220220
1400000
2032004
20333
2010032
430010
323201
1300430
34040
3221
230303
3300122
2330300
1003202
3013010
3034100
2202200
3220130
320024
13232
242030
100400
2432000
430013
20234
32123
3341000
1220
4103003
43103
314003
313022
13322
2220302
3100220
3013004
101000
331100
1010000
201020
4300103
1230002
422003
2330
3103013
242000
2300123
3134000
23102
301031
2200304
2310023
2010332
1030043
2001323
311303
3030401
1030232
2230013
100310
23240
2120
1103300
1043300
23303
400010
3311003
3014000
10310
31220
1303040
3021200
23312
11303
4400
220331
11030
2202002
3220010
400430
3013022
2201033
403220
2312
4200230
430100
3001034
4200203
2003303
2103020
23042
1202000
1002332
3010100
4013
1003430
3240002
103130
20240
4000304
330032
2030120
413
3102230
440300
100004
21233
301022
2430020
2222030
2030321
3103103
230210
3031100
3030023
2002103
3210020
20222
303014
1010333
2004203
1320020
200321
1310
40304
32024
3401
1430030
33020
1103000
3203120
143000
3300401
4003103
2010020
223004
10103
301202
300104
1004300
2004032
1000331
400403
312032
30113
2132000
2130230
2010203
143300
4400003
200000
20000
3140000
3032012
1100
300224
3300200
212033
3310001
320312
23132
2102
1200302
232100
31004
3300011
1313300
2030123
123032
3001202
301340
2230301
23330
3200
3240020
43400
331220
304031
4300022
1022030
102230
3031130
3131
3310400
4010030
1023200
1030202
233120
301013
30302
231320
3031031
2202203
2202020
2043002
1004330
3413000
3200042
3310310
303302
303002
2031320
2323001
2331002
1303013
3310202
24203
3104
4301003
2301203
3201320
203210
200033
1100003
3013220
303320
300320
1001333
401000
3040004
22232
1022033
31301
3133001
3011033
41330
2204
4340000
4003202
2000243
3201020
420320
203231
22130
1001
1030310
2010323
3020420
34100
402320
3004202
4030013
3003023
1310003
220013
104000
34202
131
1003022
400004
232400
3011030
3010220
13340
331301
2021300
400322
13400
4100303
4000220
102323
22322
1003034
404030
22004
2020013
3104030
4304000
420002
210200
41000
3000104
122
1133300
2003420
420023
221330
2403002
30242
2320013
3221003
3031013
3314
4302002
2231000
310001
3033101
2133002
303200
2010230
3404000
4030400
2302031
403202
100223
314000
3002030
3240200
233102
4043000
3140003
3230012
3040202
322001
2420030
3122300
224000
2000003
1302023
32201
31031
1023230
2032022
1003232
2020430
2000240
1000223
300311
22403
3301130
2123000
323120
1320023
1203320
3213002
3100232
302321
342020
1010
2223002
2000321
123200
1223300
303104
2320103
3130010
220232
200312
310322
4230200
2303
2002010
3400013
341003
10202
3001010
4010000
2320130
2302130
1300013
400313
3312002
3010004
13040
2030012
1000013
3422000
311033
131330
130400
3300131
1130030
2320010
2220023
3213020
3230021
2031230
2002004
2000222
3030041
4000331
131033
1303004
2033210
1043
4022030
3101003
100331
311330
13013
1100033
3213200
423020
304001
300404
1103330
2330030
2223020
1232003
221000
203021
322100
3001133
4303010
2302310
3210203
22040
33104
223022
3000404
30332
2123003
2021030
3014030
340040
310304
42302
3021302
310004
304400
2300003
3010223
313220
302312
4034
330221
2220020
330002
2302001
24200
13304
4232
2333000
2301032
23030
2040320
231032
23210
4430000
2200103
42023
10220
32231
4020230
1100303
130031
13034
31310
4002320
2023010
1003031
2023202
3100034
3301310
3001310
3000311
2120330
1303220
2300120
3301400
2003000
2313020
430004
3020303
104300
3030110
3033011
333200
2103203
1304000
30200
3242000
3310100
21332
230000
2222000
1301003
2300102
3123020
4220
2200100
234002
3022202
4022
2320220
130130
340022
2300321
2032301
3203012
401003
3024020
340100
12323
20120
2300330
2100002
3004100
1002032
202043
3003011
303203
433001
132302
4230020
2003330
33302
103010
1232
4020320
1130300
2002232
230222
304004
1022303
3040031
3003212
300431
3404
3132002
213023
3310301
10301
2000330
4000232
2310002
3030221
30011
2310200
223010
120230
230204
4020023
1004303
3100304
23222
2323010
1030223
130022
43040
3300113
2033030
2103230
302222
401
331130
1223
4003004
2020022
2000432
200213
3302210
332021
3303020
1002233
3113000
200342
302402
2123
2301230
2030240
102020
4000022
2210300
1000103
103100
4003400
14033
2402003
2203202
1100030
4203002
4000223
3204002
410303
220403
3002003
2310032
300233
2030204
1000430
213203
3020312
2310302
2200013
140303
40034
2033021
403310
103001
24002
302204
3200300
1330400
2020103
3410030
343100
300323
2020040
10403
314
1203020
1010330
401033
311
2203301
1031303
423002
133040
1130000
332030
30233
3202301
220310
2210000
1030331
3310022
2302013
403301
3011303
340400
3320003
2400230
3204200
3100403
3322010
13022
3001301
110
330020
2303210
40322
1233200
404300
322220
4331
2230001
1203032
300200
2002340
3003002
3202400
233021
3320102
300041
2030330
3020330
3034010
2300033
2023013
42020
2203022
2012030
2002313
3420020
23012
302213
1033010
3302021
1330022
2023130
2003222
31340
303410
3033200
323021
3000221
3020000
3031022
120203
203132
3021230
2300204
2030201
1003403
310100
3330101
3000041
3323000
3220103
3023012
4400300
1233002
1000334
404000
3013202
312230
40001
1133003
320303
1220033
3223100
143030
202430
3020123
3122
1220030
223013
3310031
1000232
3103022
3031103
2303012
231020
202313
3020240
304220
301133
322031
4003013
3130004
3020021
1303103
2243
300410
3220040
3010103
3020201
1300001
1003322
2001233
4003001
1323200
2022020
123020
3340100
1332200
1333010
10400
2003120
3132200
233000
1303022
1033310
100403
3024002
30131
1300133
103103
2003240
3103031
340001
1103
4403000
1430300
2300213
3012203
3304100
2000012
3202010
210203
4000004
130301
3320012
2022203
31130
1300331
2013302
3220301
3010301
312002
3030311
3330020
2200040
10334
203042
24320
330011
21230
31013
1200203
10430
3032201
