122001
222201
2302200
2100303
1122003
33201
1410000
2010213
104301
140040
213210
3040110
1102200
1044000
2032002
310002
210123
12420
104100
23211
213003
1331001
2100240
1040013
2000412
212031
302121
121302
101400
41022
3200103
222000
1301400
2103210
1200012
32040
10410
20142
3001401
4400001
320010
1004001
1000440
1000212
22011
3302001
231030
1000341
410004
3012012
4221
2400030
4100220
2001132
112302
1011
10413
3000312
2120004
201132
20301
101313
3420000
4011003
4004001
201321
3000303
204000
2102010
2040210
4041000
203130
2031210
23202
40122
3002112
2212020
4300002
1200003
430200
2001231
3201
1002201
3012210
3030003
2301000
4100001
2202003
2002020
313200
100323
210420
1322010
1010331
42012
3001311
3120003
3203010
1020420
3100221
3010014
44010
100002
1031310
2010120
3401100
3020001
2122020
2230011
2020014
3011400
1233000
2223
2400210
2130021
1033110
4100310
2001330
1014300
100431
200121
1113003
230130
302004
3410001
1004310
1011330
20223
4000302
2321010
1100313
3103110
201123
3240000
4030002
13320
1000311
1221
113301
3130200
2300100
2043000
1300212
110133
102312
1402002
312030
22113
210330
201240
1200300
1300032
2102202
312102
1222020
22002
122310
14301
3024000
1002033
1140000
1122300
1221300
1300410
1001340
212022
3001221
102231
3000000
203220
120
2100000
2002023
420000
23031
341100
1103220
2031201
1003200
1002240
3132
223002
2131002
330120
1041030
103101
3004002
2120100
2120130
1110303
21
3330000
3204000
1103130
21030
3001302
2120310
310203
240201
212220
230121
3202200
230103
1402200
104022
203004
22023
131040
3201000
2000043
404100
300240
11133
133011
333000
2100030
1000020
2113002
2232
130101
2330001
42003
3020121
3000111
1003020
313110
101202
31212
3400200
1200204
300024
2002410
1001013
3110301
3010020
2003211
331020
310302
3021012
330003
2023020
1101033
4020003
2421000
1120203
1104030
2022
1221000
2113020
320202
2003220
2240010
1013013
141030
4202010
1020300
310401
1404
3020202
2201103
3102030
202200
2000403
1113000
323001
1100331
2301021
1301004
201300
1010310
3202101
130212
3310110
1030104
1002
31302
401103
123210
2312001
2003112
3011220
31131
3011100
30213
2220102
204003
34002
40401
1020102
3100110
104031
1013220
132021
2200230
2021010
1031001
400104
22221
31113
1023201
3100401
1200402
210213
340020
1001004
3120120
314100
2030121
2401200
400023
330201
2220012
2100024
40203
410001
100104
2301003
220002
1040031
1010430
1400013
303201
2200110
410301
3401001
410022
1130400
1220301
3021
4101
410400
140001
3312000
1032030
1341000
130020
2202120
120402
41130
1410300
14100
4002003
33003
1103001
3042
2000112
2331000
1340010
1302210
24030
20310
14103
101133
320040
21321
3020112
22140
311040
1413000
3121002
3110220
21240
100404
1022310
2012040
221004
102201
40101
4301001
234000
1302021
131022
120204
104202
20214
301041
33120
1002003
1314000
1010022
2221020
1130013
2012400
102120
12231
104004
3022002
1230201
1301202
1200231
111033
210321
4010031
1130220
222030
302202
140022
231012
41004
1422000
120420
1300200
1040010
3021120
1033101
2023101
220410
4220100
4003002
200421
2204100
2010021
13302
201222
1100403
2012310
2010312
414000
131001
1044
3101004
1310004
1103202
130200
13200
422001
102210
10221
1020402
11313
300114
20040
140310
130410
101103
3010011
1120002
302130
203301
101331
2030301
2142000
223020
24000
220122
1202031
2042100
3303
300402
1100304
2002113
3400020
20403
1001040
1413
1320012
224100
3200400
2003400
1222002
2100123
4230
310041
1230000
1000320
220020
1202100
114300
3102210
140013
114000
4200003
1011000
411300
43020
4300020
3103002
3001032
1000323
240000
1300110
1002030
1300011
20340
110043
22110
2112
3003000
2101320
2013021
1020321
2020113
4200
13011
4000311
1131300
2202
412200
3030300
1223001
3013110
310110
3002013
4000221
1004202
102
410130
400110
1002123
42210
41013
231003
2201001
300204
200001
1033011
410040
3100230
2000004
1130001
440001
31140
1030032
200031
2310120
210312
31104
32400
2021040
112032
210240
311031
1100001
3102012
2131020
1202022
1002042
240102
4002030
3020220
1013031
1032012
313011
12201
10314
1401
1301013
121002
400011
12222
3103200
4300011
3021003
1400022
202203
401220
1002204
231000
1030113
401301
44100
44001
340002
2024001
1010034
200142
11202
123300
1213200
1040202
1300320
4002120
1220001
140031
100110
301104
230100
230004
3111000
3120201
20412
2000202
1420200
204030
10233
400131
3002220
403200
131301
4100022
1110033
2301102
401001
4140
1321200
321003
1103100
4401000
1032300
2221200
230001
2102022
100233
1012002
301014
2002041
3200100
2300301
1023300
3001023
132300
20034
31014
1220100
1110030
304200
1030131
430011
14040
132030
2222001
3003201
4001001
21213
4101030
400203
20124
2000130
32001
3011310
4001040
1400310
2130120
1041300
213
14013
10140
1330002
30321
113022
4000020
1310001
2101200
110430
1313001
300231
2042001
1021203
123102
3120030
200400
1122
1314
1340001
404010
330300
42000
22311
2241
2112000
1100220
1200123
2200041
1203210
400113
1003230
1300140
403002
1110003
401040
202212
1200240
2012010
4200030
332100
2031021
3101022
11004
2211
1320210
3211020
403110
3310011
3001110
4023000
4030020
2200401
2320200
1001001
3210021
140400
220302
301401
2100222
2400
402210
2400003
3003012
4122000
2140020
2200113
431010
2003013
2110230
1012020
20421
20121
1021020
2010210
1001034
201042
1311300
3021102
1031100
3101040
103104
100341
2102013
2040201
1010304
4200021
2102103
2030112
4400010
3120000
2201040
3112002
2300031
1202004
1010400
110313
3001104
4300200
32022
30102
2103
3122001
3011004
1201002
2100321
1002420
401202
112320
3020040
1204020
303300
4010013
1043100
3140001
113004
102222
210012
3040011
2220030
322020
1310010
20112
402000
1303101
1022010
4301100
1030410
3121020
4031001
211023
3220200
4012200
2033001
2030001
2403
1020330
1224
4311000
3100032
4200102
311001
3310200
4002102
31200
11232
2210301
120003
1202103
3101130
3101310
1014030
3100131
4113000
1130010
440010
211203
3010101
21120
3310020
2220003
133020
420120
122100
2133000
1020033
1003320
302310
1200021
1140030
400410
101004
2104200
1230
104220
101403
3220020
3300102
2002320
2331
3121200
21312
31401
3030210
1130310
13023
20010
101310
320121
324000
1100130
23130
200214
10134
1120200
1220022
212100
33
1240020
134001
21132
302211
2230020
2002104
230301
12000
1014000
4104
1103310
342
310014
1332000
3100020
2000100
2001312
410010
12024
1023021
122400
4212
100200
101130
4201020
1130004
2100210
1001322
2010
2100120
4203
310113
4100013
3020031
1003110
144000
211302
131013
1104000
12213
3012102
130203
2201220
300222
2001042
3410010
3201012
4100202
4010103
2102004
401031
223011
201000
40002
101040
40014
30411
2102031
310311
14031
10023
3210030
3000003
1011303
1004100
1000041
3012021
30033
1210320
103032
113130
314010
2301030
3300201
1400010
1003104
111300
2003022
321030
230310
100203
30012
103113
2300220
212103
1201230
2201022
1040001
3110004
2140002
3101013
4011300
3002202
103230
1102032
1004013
312210
301200
1041003
110130
3010131
3011103
1002300
3002100
4000140
2113200
1024200
2014020
4001010
2211030
1221003
2300112
143001
4230000
2120202
3120
3102120
2410200
1232010
2130201
43200
11043
2031000
2032020
312021
2002203
2000022
2210220
2011320
1310103
240120
2202000
2301300
2001303
1120302
2310000
441
2400102
413100
422010
110400
3001410
2241000
2200221
202122
3041001
3011022
41103
1002210
4102002
240030
130002
100230
301212
40200
104013
203103
2102001
111000
3102003
1030320
1003140
3023010
1123002
3400110
12402
3020130
2004003
2000034
2010042
2400012
1101030
1400202
102402
3201030
2001000
420030
402003
1230210
303012
3420
2001030
1031040
2002140
40110
4110000
120330
2010402
2023002
3002022
210033
2002212
3100101
2230002
2020230
3101100
121230
1131
2023011
10230
3100311
323100
1013040
1400040
1120230
1024020
1010223
24
140220
1110
3000024
3100140
422100
11022
31230
3000411
4011000
201330
1000401
3212010
143100
1320102
130032
202032
2020101
2000001
2123010
120201
200241
1103040
4100004
122013
11430
1011033
1001010
1001043
3001014
1113
232200
1110330
1101300
32202
324
141003
300330
4100103
2010303
1004040
4200012
102300
2200311
1030041
1002012
120132
1131000
204300
302010
312120
1302003
1101003
411003
2313000
300420
1230300
203031
10032
420012
210024
1401003
1120320
1100430
22302
400122
1002021
41301
2130300
2103003
1300203
322200
2123001
3222
21231
3102300
220320
2020131
202401
21201
1020003
21210
2321001
301023
2303001
10203
2403000
1030200
1034100
321210
10104
3102000
2030202
3010032
1212300
201204
3310101
1312002
10044
2121
4000230
3221100
202011
2001003
30231
340110
3100041
3003210
114030
310131
300111
3210300
1304100
210102
10242
1104300
14202
2102400
1000221
3221010
421200
131004
112203
221301
122010
32010
2021022
24300
22020
120024
100410
420102
232110
11331
2121000
220230
2320101
2000421
4100130
3020211
311202
1000002
210003
2103012
2041200
1000431
10200
3110202
3402000
1030302
3020004
4001013
220203
1022022
104400
2300004
2200104
32220
1040004
140130
100140
423
220140
11220
302103
200010
30120
10323
3041100
12120
1130040
1301001
1010232
2013
2030022
3321
3030120
1003122
1302
1003101
210132
32112
2012130
1022001
3110103
3201201
1401030
2101002
1040040
2322000
2133
431100
100113
2030103
4000041
1224000
1031031
41220
2002014
41400
1130130
2210310
2220210
13032
33021
400014
3100203
1210203
2310012
1200321
32301
1001400
3110031
3
1301130
2101230
1201203
4021200
310020
1202010
213000
2131200
3210003
2003031
200304
2012031
12003
2340
1332
3100104
22014
2040012
2301
430110
3001041
2031300
4031010
3020103
3000012
2220021
202104
4003110
230022
2203011
3000300
2312010
1202202
1031220
3001320
2201130
12
104103
40221
2020320
3010203
320211
13113
42102
21024
1222200
2120010
2110023
2000133
2000322
1304001
210402
2001300
42021
2040120
2000241
202101
33111
12303
220131
110202
1320000
4010022
103320
2200122
1010301
1000044
101034
10404
31122
3033000
103122
321012
2124
2103030
3040002
241002
1300230
2102220
2302020
1001103
212001
3302010
1004031
214200
111303
2231010
1104
3111
12033
322002
3203100
2001120
11310
10341
1143
300000
3010230
420300
2200101
1030311
1323
3300210
2020203
1023012
3320001
1033020
2201100
1100100
2022102
3130101
1000122
3100014
1302120
100221
3311001
3014010
123021
2100003
3040200
300123
301131
2010204
3012030
4001100
200310
1011030
2214000
310011
40113
2030031
1430001
123030
2211003
2210400
2004102
3300030
421020
3301020
213102
121023
24102
12321
32004
30222
120231
1313010
1014003
13122
1040103
23220
402201
133101
201120
1304010
100302
212004
2014002
10020
310221
1040310
21033
22032
2223000
2220300
2112300
2001012
3100113
1014
4120020
1302030
2300001
3002040
212202
3012201
1030110
134010
211032
22041
1201032
1031022
41202
1330110
240210
3000042
300042
1021230
4023
3230010
3000420
2023110
1021302
104010
4000032
1033200
1321002
2202102
2200410
323010
203010
23100
10122
103200
2302110
1400130
1212030
212310
1004010
2003001
1400400
3001203
320001
23103
1001130
13311
4010202
1242000
1301103
1200210
240
230400
3120210
320310
203400
1040301
1012203
130011
1003023
2010231
1002213
222021
4410000
2400300
2032200
30303
2021013
13002
4100301
2022201
2210013
1204200
2202012
414
4300101
2120013
300120
2032110
213012
310023
1102023
1300101
4041
3014001
1312200
1100232
1000131
3031020
1020213
3200022
1101000
2031120
1030221
3003111
1303200
2010003
3002010
1201200
124200
212400
111030
1100034
10002
2001210
3300003
1302012
200331
110034
220014
3100320
1140300
132003
1213002
1301310
20430
2040
311100
12042
20241
1302201
20322
1400031
2040102
3301002
3200013
2003301
110220
1242
1230120
1310022
304002
2100231
2010024
3021201
1043001
4032
1000224
3112020
14010
3110013
3201210
4130100
4000320
2110320
2010240
1013130
231201
102204
141
3003300
2013012
213201
111
4001103
1010130
3032100
2012103
2000103
20031
40104
1330020
2000331
1120023
2001321
3131010
1103013
1003041
420210
103041
1101
2102130
121020
40311
1302000
2200032
1023030
2010300
1030230
4001301
10041
3004101
3203001
2120040
102000
1201023
132012
100041
24120
233100
302112
4220010
1000023
1322001
3000102
423000
3000402
1203201
4013100
30330
4001310
210000
2210103
3114000
104310
330210
1102020
2003121
3103011
22104
203211
1040220
2001201
12204
4301010
4001220
1403100
2220201
100032
1233
1013103
3200130
210300
110322
13104
1140
1200222
1001313
110223
1134
3100023
1300311
120312
13101
3102021
1022103
220041
321120
4212000
2040000
3002004
2310201
120102
2002131
40041
3004011
4401
4113
4131
2100330
1202400
3300111
2300400
3022200
2200140
200301
340200
2231100
2120031
100242
100224
1202001
1020000
2020002
1402020
1313100
11040
3000132
3000231
30024
240012
301011
131100
221022
34011
4000203
232020
1202310
3011202
1021032
21003
113013
4000401
402300
240003
122202
1021023
3002301
2211300
1013010
122301
2330010
21021
102042
4010130
32031
1031004
131310
102021
3013011
3201003
3004200
30240
10440
303111
30
2121030
3011010
1020030
101301
1220040
1004004
32121
312300
2120301
3211002
141300
2013300
2022300
2011002
20202
3113100
11034
1000404
3100122
2200023
2300013
202110
221220
1220010
21300
2010012
234
1202301
23013
23010
20400
201
3310002
3010320
1010340
231021
304101
1340100
200220
2121300
1023210
103011
201012
14220
1202130
102030
1002321
2000121
101232
3020100
2020020
2201400
201231
3010311
2010033
21042
3021210
1032120
32013
3130020
2303100
2100300
230202
300312
23004
221103
103212
3024
1301010
200022
3201120
1002102
4100010
200130
1003212
131103
4110030
301230
202041
3010221
3303000
3000021
2011032
3101202
1220310
3123
312201
1230012
1031301
1010001
3111300
22401
3031011
1020303
2041020
1422
2021301
3410100
132210
4101300
20100
3011013
1001403
2320002
1020021
2204010
103023
1042020
3004110
330102
2103120
1301031
30402
1030401
3311100
4201002
1023000
3023001
2212002
1230003
1220400
2021310
123120
11103
4103001
2300103
1201302
1040400
102024
231300
2230110
301110
3000213
1310220
2110032
202023
1010040
1301301
2200200
1023120
3010104
24201
2000013
2100021
13203
2003310
1010220
101010
3110040
2401020
200403
20313
101031
314001
14310
1022400
21330
2300010
302022
224010
4120200
1102320
1100202
3010410
1231002
4102020
2020023
1133010
242010
302100
2022021
201102
2221002
2004
300141
130311
21420
301320
1030014
1003014
242100
1131030
1200132
42300
311022
1440
310104
3000141
440100
1201320
2220
120213
311103
3101001
102240
2022003
400020
202320
3110100
1231020
1300023
2000304
1311
1042002
22320
2130003
142020
1320201
1203300
2210001
300132
131031
14022
3103101
222012
4010100
203022
2021031
1011003
2012004
1010031
400041
2003100
133200
3000210
23112
30003
2311200
22230
131202
303030
403020
10014
32310
222300
2020011
4320
13014
2013102
402120
212130
1431
3411
2222010
202302
1012200
2020212
3130110
2210022
1013301
221010
102123
1000230
320400
1104003
1040100
211020
113031
330000
3001200
3003021
2011203
3111030
122103
31101
1020132
3001011
201213
3210102
3000030
1203102
4302
2300040
4040010
220032
1203
12210
41010
4022010
1331010
133002
110301
3321000
2402010
2400000
1020222
1000413
1022130
20232
1010043
2310300
303
2402001
223200
103203
2002011
130131
1101330
1300302
210201
101100
12021
3141
4302000
1320120
311010
1210023
310101
3001122
4200210
120021
2200302
312000
302301
102420
210231
3302100
2303010
200133
2013120
1202220
213021
100311
2033100
1003032
1203021
1020210
3221001
3100212
3000123
1134000
1321020
2040030
40023
2012202
2011023
2021001
10143
400200
3402
1311030
2201010
24003
2200131
1004103
11301
2002032
3220110
3000240
200034
412002
331110
3300012
4030101
2020032
400002
1022031
11130
3212001
114003
3012300
201033
1100310
1010133
1004301
1001331
1001232
2401002
2200014
20043
2130
3210
311004
230013
2104002
1020120
2020110
1000242
3010023
2000040
1420020
400230
2210031
3131001
3200112
4202001
2022012
4014
200202
11031
3103020
1030023
2123100
2130012
2201301
201030
4320000
4020201
2000340
302400
2012220
1403010
3104001
32103
3101220
400212
1212003
33102
401100
110331
21303
204120
10224
3010113
2300130
243
122031
100011
3100302
3013020
2103102
1001301
224001
4001022
430002
220023
2201031
304110
1223010
2203110
113040
103131
321102
11001
2021400
32130
233001
320130
400311
4032000
4000110
1123020
2302011
302001
2001240
132120
2311002
1130031
1020240
130320
30114
2231001
1022100
23001
4000002
1100223
200103
402021
3022011
31221
1300002
3020022
2301120
23400
3101103
2000301
2201310
1000140
2300022
2132010
2100402
13020
3021030
1120032
3204
312
4100040
2023200
1042200
110100
130122
11400
2240100
1100322
220011
3100200
300033
200322
1010013
3010212
420
3202011
2321100
1131003
1210200
1002231
1012230
211230
340011
301032
1200213
2040300
3000
202113
3021300
2001021
43110
2304000
3003030
2000232
420003
3021021
310230
2220120
120030
301020
413001
4013001
2000223
2101020
30312
111003
3030021
313002
1102302
1103103
4122
30111
4100100
1033002
1122000
222003
1102002
2301201
1022004
20004
3401010
103311
3201300
3020013
210021
2014200
1003011
1000110
110403
2011020
2000214
400221
104040
2400201
331200
12030
1022013
1002024
100440
1203000
2103300
300003
2302002
2300202
2001123
2034
201021
3230100
2203200
4020210
32211
2010201
140202
232101
11304
3002211
2140200
200043
13230
1113300
2021202
120210
204210
301302
2041002
3131100
4014000
1000203
3120021
10212
3001140
2210202
40410
2021103
410100
410013
2103000
403011
2030013
2420100
22203
200124
40140
3114
302031
1100340
200211
100014
12123
3001101
4003011
103002
1031400
1000422
14001
3002031
4000131
2410002
400302
2302101
130140
101220
2020041
1030011
2220000
2200002
2002302
2002002
1110000
20133
2301012
231210
4012020
332001
2210100
1220130
20103
22101
2200020
2300211
23040
220200
202221
100212
4013010
3002001
1001220
22122
120000
101322
4102200
2030211
1020012
3110310
100143
301113
21012
3001131
200232
1000314
401310
210210
100314
3011130
3130002
1310310
2200011
140010
1002402
2020410
3110022
1303020
2003130
2002101
3202020
2032011
4000011
2310102
1010403
3140010
120042
3001212
4120002
220113
3220002
330021
2010222
3122100
4004010
2210004
1202040
201003
112200
42120
1341
301122
2412000
1140003
1310100
1310013
2102310
211002
1200330
2322
140301
1212000
311220
2240001
3200211
1240002
1204002
40302
11013
1022220
104001
311310
3032001
31203
413010
142200
110004
4400100
232002
2112003
1210002
241020
2320110
31320
31002
4000014
1300014
221001
4000122
1021200
202014
2003004
3411000
3012120
4131000
2200320
2130102
140103
200112
331011
1401300
302040
130110
1200201
33210
2310030
4002000
123000
1210020
1301100
1301022
2020122
1001430
102132
20211
3210000
1230021
2300121
1001133
10401
4000101
1430100
320031
1010100
1020024
110013
120303
1022301
1010004
242001
4020300
203001
30021
201312
11322
3200001
1103031
1320300
300210
120240
100101
3014100
11010
3200220
3012003
31032
3111003
221202
1302300
2000220
200013
41001
2003202
1103400
230211
4103010
3032010
102330
141000
113103
4200300
4001130
1100043
2012301
2100204
1023
130014
311400
2230200
3301011
3042000
2020200
4020021
1001310
303000
3002130
203112
311013
42
3210012
4310001
1431000
43011
1030203
1312020
20304
241200
240021
121203
1210230
2000430
304020
112002
110103
2400120
203040
1300104
321021
322110
4201200
2132001
1003113
301140
1031010
4210002
1132002
2103021
41100
1230030
2122002
1102203
3020301
200100
3010200
1003221
3210210
24021
22131
1032003
0
4021020
4000113
103302
300213
40320
1320
2420010
2100312
2232000
4010010
1041000
23310
3300120
4040001
1020123
204
12240
3003
342000
2110020
3202110
2000313
1012320
122040
130401
100131
4001004
30042
203310
210
201402
1103010
130104
4110003
3200040
4030011
1420002
202002
1103004
202131
102102
2000310
40032
1013310
1000410
401400
403101
40212
144
1200024
3330
2032101
41310
4311
4104000
1232001
130023
2002110
2121003
1031130
2002401
1000101
210204
2003040
10332
3104100
24210
104130
301221
1003302
1301040
1300113
1100010
2022210
221040
1130100
2000124
111330
2022030
1011300
1023102
3140100
131010
310320
2013201
2130000
1311000
320301
1401000
243000
1320021
4020120
202020
1002132
3101301
21123
10422
2110302
2230101
10320
220212
213030
20013
2010330
2204001
31023
130221
310122
1130022
100422
1103301
1034010
1013202
2001420
3213
411030
3220101
4011
2130030
3030201
1400004
1220220
2024010
10101
1022040
3104010
3400002
3200310
310032
200430
200040
1040130
3010110
41040
4200000
4203000
1003203
1320030
1300020
3030012
2002230
2320020
2022000
4021002
4003101
233010
231102
4022001
2101203
212010
2100033
1400100
303120
231120
3000204
430101
100122
4200201
212301
4310100
1122030
320100
2042010
400320
2213001
3200121
124002
3300300
1000302
1200042
34101
1100133
2031102
3022101
2203002
1003002
3120102
210042
110001
3000330
2122200
2313
3220011
4010001
2030004
1010010
1200
2120022
2020140
10131
330030
4100031
2000400
2201202
4202100
2100213
124020
130113
311301
321300
3110010
12312
3002103
303210
31020
321201
1041
1300131
1100022
201201
14004
1311003
2100132
110010
110022
300
1300401
2012022
123
213300
3400011
410103
11403
134100
3010401
140100
2214
2120103
33300
10011
2102301
110304
130041
1330200
2004300
412020
2040003
302220
1310040
2142
2200203
2110200
3400101
121200
1110300
1130301
1032102
30201
1331100
11100
2203020
130302
2004012
1100004
1013001
2020401
12012
4003020
300300
310200
3311010
12102
13212
1220202
2101302
1030212
113220
113001
312012
4300110
4012002
3020010
1000143
220401
3000321
4000212
3012
3003102
1000332
1013100
123201
14130
211200
410310
113010
4310010
2200212
1004400
2030100
122022
21102
2004201
1002330
3001020
2124000
221400
40011
3000120
1200120
33000
2000010
30204
313101
3022020
1230102
1003410
3010041
31410
2402100
2043
3110400
120123
3040101
14400
320112
21204
2030040
2040021
20130
1002222
221100
304011
2210130
2310021
2102100
1003401
3201021
3041010
2101032
3200301
2013000
302013
2020221
3101400
1403001
221130
3030102
1213020
1220004
300021
100413
1330011
1040022
32100
22212
1133100
130230
2024100
120120
2004030
132000
33012
143010
10302
2304
420201
4220001
1301220
1100301
3122010
41031
3033
1012302
1030140
1020042
210120
200313
3113001
3210201
3320100
4003200
3003003
123012
34110
2100420
2100
4000023
4020102
30030
411
3013200
2000031
2002221
212040
1000014
220221
101304
3132000
1320003
1400103
200340
200223
113202
3001113
303021
1010322
4002
231
3130011
120321
13401
4010004
23022
1030101
201420
3011301
3010302
3002310
4200120
1032201
3110001
131130
221310
3002121
2300310
2004000
4000410
110310
220104
23121
2033010
102003
3231
2002122
2031
3202002
3020400
40020
3113010
3201102
3011040
200004
101001
10110
1203003
1240200
1130202
2030310
1013400
1031202
10431
1201020
2100012
2010102
213120
1023003
2002200
2311020
1130103
341001
11223
320103
1034001
40131
4004100
2010420
3013101
400140
110340
1410030
1223100
2100201
1043010
1020312
1020204
24012
303003
2010030
341010
340101
301101
3023100
2010123
2001402
13221
3300021
3000201
2011200
410220
223101
3000033
2101023
131400
4040100
2020104
320022
1220013
431001
1400001
2104020
1300221
1001202
132201
204201
30123
3102102
312003
1031103
1004130
3011001
1203030
4002021
2312100
300012
103221
3123000
2202030
1020201
441000
220311
4002012
3211200
33030
1440000
1020
110040
21000
2430000
4101003
3200004
3001002
240300
123003
400401
333
1200102
214002
12132
1410
3012000
400032
2012100
2412
330111
2340000
2212200
320004
2100102
2011230
1002312
3004020
2430
22410
2034000
2211000
3222000
3030030
4031100
301203
222102
402030
2002311
3102201
402012
3301101
1400220
2001024
101022
3200031
1101303
3101010
101223
31311
201210
2330100
1430010
402
1000113
122004
410202
142002
20331
3213000
3300
1303011
1024002
311130
120012
1032000
3030
140004
43101
103110
4030110
201303
432
1310400
4020
3100011
112230
232011
2010000
2202201
1100031
30132
203100
4002210
101013
3031101
31110
332010
1000011
400101
230112
3200010
1330101
203202
222210
212013
100044
2021220
1022202
3030000
3021000
300411
1200000
13410
3141000
101340
1000233
10311
1100103
23301
2030130
2003010
230031
2013210
1203120
221013
203121
3000114
3011031
1303110
22200
4000104
313020
2001222
13140
210030
4221000
430020
1013004
301410
4022100
2110002
102303
1001223
3112200
310212
411000
113400
102321
1010313
223110
210222
3301110
2012001
112023
1000032
203013
300321
12330
202410
3022110
1200030
1143000
300201
13110
1212
4020012
2210040
2001033
2310210
1001304
221031
1220031
2020302
1103022
1003311
222
2031003
3013002
2030220
2210010
132
214020
4002300
2213010
421002
3110130
3002400
1032210
2012013
4130010
3031002
4010040
2021100
1031013
1001022
4011030
331002
113100
4103100
1300122
1032
3101031
3231000
2013003
1002303
34020
1323000
222120
4410
4030200
2000211
2112030
20022
21402
3030111
2001204
121032
3230001
2031030
103020
102033
2100042
1100013
110232
4210020
2022120
4140000
3210120
100401
322101
30420
31041
2001213
3120300
2003103
1410003
2202021
13041
202230
404001
310410
211320
10113
230220
2130210
1032021
122220
30000
4001031
122130
4010220
4010310
2102040
2021004
20001
1302102
40230
1012032
2004021
3200202
1231200
230040
3120012
1132200
330012
401022
3240
1001031
1113030
322011
300102
1013022
410031
4101000
1000200
43002
103410
3100410
1004220
112020
2421
1012023
204021
4210200
2320011
401010
4130001
4001202
2110203
2004120
1120020
401013
3031110
303102
120222
1001100
103401
2020311
321000
1300041
3300000
300303
1002000
1133001
1200303
2201004
100020
101043
31011
4000200
4010400
1310301
2120001
1021002
1000104
3000222
2001102
101430
120300
2222100
132102
4020000
210303
420021
2010321
3301200
4010301
100023
21222
114
204012
1200033
432000
1310130
30210
3212100
1232100
320220
12300
103140
2031012
330
1310031
1021320
4110300
2420001
120033
1002120
220101
102213
204102
3100002
4001400
2120400
1102230
202140
2103201
11340
1404000
1400301
1004022
301311
1310202
2310
3102
131220
3010140
4020030
2410020
2004210
3320010
2013030
2301210
2021130
2010132
2310003
30300
1123200
1322100
133110
2202300
1303002
202311
13131
1030002
3003120
230010
401004
1132020
1210032
1010202
3031200
2132100
4100400
103014
4002201
102012
1030020
1003131
100320
1020231
401130
1203012
100332
20220
3020310
1030122
2000142
2030400
2120220
2011302
321
300030
1220103
1010103
402102
2030010
3312
200412
110031
2400021
320013
1202013
34200
2001
2213100
1221030
2203101
1200420
30141
42201
3040020
3001230
1100040
42030
1210302
2202210
301002
1100400
100134
220110
2201013
113310
1200312
201024
331101
121320
3010122
4110
3010002
1000134
310140
