3203003
3030230
2003003
332000
20033
3332000
3320300
2300303
332003
303320
203030
2000
230
30233
3323000
2330300
330023
200303
300002
323030
2033030
3030020
333002
3303020
3200300
3300200
3300203
3023300
303203
23303
20
23
2003303
230003
2300300
3300230
3032003
3000020
30032
3023000
20330
233
3200000
3030203
330302
330032
333200
230330
33320
2000033
20000
23300
3300320
3300302
30230
303302
23330
3032
3230300
2030030
3030002
2003030
332030
233030
333020
330020
3033200
3030320
2000030
320000
323000
330002
2300
3320000
3230030
3032000
3002003
200003
3200303
303200
203033
33302
30203
3203030
3200030
3023003
230300
320300
303020
3203000
2303300
3032300
3002030
3000332
2033000
203000
300032
320
2330030
3002033
330320
302000
3233
203303
300233
3200
3020
200330
200030
3320
2303000
3030023
3000320
3000032
203300
3233000
3003023
300230
30320
302033
32300
20300
20030
203330
303230
302303
3300002
3032030
3033020
3002303
330230
300323
300302
323
32
3000233
233000
233300
2303
332
3020000
3002300
20333
30200
3332
3330020
2300003
2003000
3000002
323003
3300023
2030300
323300
330203
23000
230033
302030
200033
3302003
3200033
2033003
3030032
3000023
3323
3302
200
3303002
2300030
3300020
230030
33002
3003302
2000303
32003
3302000
2303003
3020300
2030330
3003203
3230003
300200
33230
3302030
2300330
2000003
32033
30323
2030000
3030302
3020003
2000330
303023
2330003
3020303
203003
33032
3330200
200300
2000300
320003
300320
3203
3303200
200000
30020
3003230
3000323
32330
3302300
3003032
230303
32000
2003
2003300
320303
3230
2333000
320030
300332
23033
30332
2000000
2003033
3003002
320330
300020
3020033
23030
20003
203
3030200
3000203
3023
3002
2303030
2030033
330200
32303
2333
3230000
3200003
2000333
3000302
300203
302300
230000
303002
33020
30302
2330
302
2330000
2030303
3000200
332300
300023
2300033
3003200
320033
33203
32030
3330002
2033300
3003020
3000230
2030
2
3203300
3200330
3020330
3020030
233003
3002000
3002330
303032
200333
2033
20303
2300000
3320030
3033002
302003
33023
3023030
2030003
3003320
302330
3320003
2003330
33200
23003
30002
3300032
30023
