3100000
2000002
100020001
100
12001000
300010
20100001
100003000
20020
1021000
20001001
21010000
110101000
10011100
10100002
3000001
100010011
101100001
20010001
10011010
201001000
11101000
10000021
20020000
100011100
2011000
100201000
11100001
1001200
11002
200002000
110001001
2000101
210100
21100
12010000
11001001
20001010
2002000
100030
11200000
20110
10101010
1010110
10001002
100010110
130
121000
101100100
11011
20000101
1300000
10030
11020000
100210000
112
21000001
100100011
10102
110011
10210
10020100
2002
1100002
101001100
30010
101011
100120
301000000
300000100
110000020
1000003
4000
100002100
101110000
1100200
111000001
1011001
1020100
10001011
110000200
1000000
100101100
100001002
10120
100011001
101002000
101101000
1011100
10001200
2010001
200020000
10111000
200001100
200200
1110001
1101100
1003
10100020
10021
1000111
11010010
100021
210000100
111000010
101101
10010011
110200000
101010100
100101010
20200
11100100
10010200
100010101
100110010
100000003
1100110
21000010
220000000
111010000
110011000
200010100
102001000
21000100
2020000
210001
13000000
10000003
201000001
120100
102010
100210
100011010
10200001
10000102
100102
20000002
11200
101200
10200100
10010101
10110001
10120000
2010010
100000030
13000
121
10100011
10000030
110000002
4000000
201100
1102000
100000021
1011010
1201
1000120
201001
400000
100111
100001200
11101
10200010
110002000
30000010
110010100
1111
101100010
11010100
211000
103
10012
10000000
20000200
3001000
100110001
110000110
200000011
100012000
200001001
100000102
1100101
20101000
20001100
10030000
110000011
10101001
120010
121000000
111001000
1002010
111100
112000
31
120000010
110000101
2110000
301000
10010110
101200000
2200
100002010
20100100
1001020
200011
100020100
11000110
200110000
100003
120000001
2000110
211
100300
1101010
110101
1000012
400000000
110001100
110001010
3000010
10002001
2000020
100110100
10000
1020010
30010000
101020000
102000100
100001101
110200
1021
1111000
1000
10003000
100111000
101000011
31000000
12000010
1030000
100000
3010
11001100
210000010
200011000
10000111
202000
1200100
310000000
10300
11000101
1200001
2010100
10003
10102000
101020
1010011
12000001
102000001
100100002
11000020
11001010
11000011
10002010
300010000
200110
1110100
10
1
10101100
1020001
120100000
120001000
21100000
2000011
100010002
100201
103000000
100000300
200020
30001
10010002
10000210
112000000
31000
100021000
100010020
200010010
110100100
111100000
100000210
110010001
200101000
2100100
101001001
1001101
100000000
22000
20011
100001020
10100110
10021000
100012
200000110
200002
1000210
201100000
2200000
40000
10201
1102
1012
110010010
210100000
120010000
20100010
1000021
210010
21001
1012000
11020
200200000
1210
22
100300000
3010000
110020
102100
10000201
30001000
30000100
3000100
101000200
111001
100200001
1100020
211000000
200000200
200100001
310
100000120
10110010
11000200
4
1002100
2001001
300100000
101001010
103000
20000020
11011000
1003000
30100
1010020
30100000
101000110
100120000
100200010
20002
1201000
130000000
1002001
10000300
20000011
100101001
1200010
1210000
100100101
110100010
10000012
1000201
1101001
100100020
100020010
100002001
111000100
12000100
1001002
11110000
1001110
100001011
100000201
40000000
201010000
1120000
1010101
30000001
200000101
100100200
3001
10001101
2001010
1120
300000001
101011000
10201000
100030000
210010000
20011000
200001010
101002
110110
2100010
102001
220000
3100
13
10011001
1000102
1000300
102000010
11002000
2110
220
10001020
20010100
300000010
101000002
120000100
1000030
2001100
110100001
11010001
1001011
102010000
300001
200101
130000
11110
21010
101010010
11000002
10020010
100000111
2000200
12100000
2101
1010200
10210000
300001000
201010
100000012
10010020
20200000
110110000
101000101
300100
2011
1100011
20000110
102100000
101000020
1030
10110100
21001000
12100
10020001
10002100
10000120
10001110
100001110
100200100
200100010
10100200
101010001
2101000
10111
202000000
202
20010010
200000002
201000010
101110
1300
400
210001000
40
10100101
2100001
310000
100102000
200010001
1010002
120001
111010
22000000
20002000
100010200
301
20110000
201000100
100100110
2020
110002
10012000
210000001
12010
10300000
110020000
200100100
20101
200000020
11100010
1110010
12001
