110000014
41001010
320110
100002121
10220002
10203001
200112100
120001210
20202001
10012030
41100010
201202000
100002040
42000100
13200100
1020112
311100010
200011102
20121010
10221100
30120001
103120000
100102210
3220000
3310000
230011
200013010
14011
4001020
301100002
32020000
1003120
1001104
200041
100010020
41011
1203010
101200012
130020100
3200110
300002200
101211010
100021102
101012101
2211010
1002022
320110000
110021110
3012100
401002
200221
200001022
11001310
112000120
3021100
2111110
2032000
201010102
4100101
14020
11000113
2001301
121000030
130011001
130001020
100200301
201310
110212
1010212
20100004
211000003
212110000
100210
4201000
130003
100100212
11120011
101101021
2020102
120011011
114000100
121020100
1110022
13001011
10200040
110010310
300010003
10011103
111003010
100001041
100012012
12011200
12100021
311000002
200020102
24000100
10002310
30110200
111001030
100220020
200120110
11401
11010103
10010302
10113001
120002011
102110020
130201
310100101
200100100
20002
101102200
11000002
22010110
321010000
200301100
1230010
2020012
110032
10010320
11010301
30030010
202
102110101
121200100
40001020
10012021
310102000
31100002
3010201
220030
40102
12020101
1002010
10030003
1022200
2212
111010102
10200211
1041001
30010300
100100203
210030010
111011110
204000001
2000104
1240000
200001004
400300000
101410000
101020210
2110012
113000110
141000010
100102030
110400100
101100022
120103
200320000
222001000
2200021
110010121
111031
22100020
22012000
10302010
4010101
200100121
1000
110201200
112000003
210110110
41020
10100122
2103010
11200201
2320000
3000202
12220
112011001
111010012
102011110
141100
210010102
1001113
100020100
111002002
101010013
10101202
400021000
200111110
401110
100014010
1104010
11203
10102201
40030000
20002003
100200103
111300001
1112101
100000021
220101100
12103000
211120
12110200
20000230
211010020
201000211
40300
1033
1100401
43
200000311
110200111
31101010
11020030
21300001
120100120
141100000
102011200
3040
4100011
10132000
1130002
12200110
10000021
20020000
2031010
103100011
101020030
201021010
100221010
200100211
11023000
320101000
120111100
110202001
100111012
1001131
201000202
200010301
1120030
10203100
400011100
1303000
14011000
2001211
13300
2202010
103000030
3020200
110000131
110120020
12202000
100000213
100420
202300000
400000120
100131100
100110211
12400
112010110
11210011
20400010
30004000
14000200
113100001
122200
111000130
10001104
11020120
3100201
201111010
201002002
400210
420100
14010010
110002111
2020300
100100230
11100100
1301020
1011001
20040100
102100000
230010001
110131000
201001012
13210
201010021
120013
113101000
20020300
4120000
1100014
11021011
30010111
104000101
112111
1111210
110101102
21021010
2021101
221001100
210110011
120000202
21200020
1010020
202000000
411000100
111202000
111400
101021002
110011111
210001201
114001000
11300110
10004200
130003000
3002002
102000001
111130
10100230
11111101
12110110
31001200
110011201
2013100
101030101
111011020
112011010
200002300
300000211
201111001
102101011
101002
1122001
110011012
20030200
121010002
110013100
20110030
201001201
1121110
1110130
20103100
300012100
200000032
20102020
10120210
101200201
11040100
20020102
210100120
210210001
213010
112020001
210220
104020000
101000104
10140100
111202
22001011
1000321
100300300
100011013
13030
11030002
101103100
100001104
113001001
200020300
100001113
41100100
102030010
100102111
331
10301200
10101031
210020011
110004100
1003021
31000120
302001010
3000031
101000011
12210100
211000021
10001032
300022000
110010100
130110001
4000111
1300030
201002101
100230100
31000
120130000
120210100
102202
14010001
10013101
111020011
11102011
11100130
12200020
13000120
20022100
101032000
3000130
1221100
11120200
40000102
10110022
111100000
210111001
200203
1121101
112300000
3000103
100100041
21220
1021111
102010
1002040
111021001
202030000
100401100
11001004
1011103
101111011
232000
1310200
100200010
1321
201110002
210121000
10003012
11202010
12021010
20131
20110
110014
20120020
3100210
301001101
11130010
113020000
130000021
110102110
201000301
3001012
101100040
300010111
210103000
1101031
20031001
11013001
400000
100200220
101021011
211000000
1111300
103003
10114
11002111
10012120
12100120
300011020
131000002
3002020
401200
20201002
10021000
402000100
300000310
22000000
110230000
130001200
120000013
101004010
100000
111100003
240001000
2101120
101021101
21000103
30100300
2111020
2011111
100210111
300001
2230
200001220
122110000
210010
320010010
102000112
203101
300310
1320100
100013200
200013100
100000003
21301000
31000021
22111
111100201
220021000
20021200
101001400
11000230
11021200
1010221
301011100
212011000
112201
1010104
31001002
200011003
320100010
201121000
300102100
20000131
111110101
100024000
100010122
300013000
200104000
30000112
3000211
100120000
101130001
21120010
321001
400030000
100022200
3202
1022110
12000130
12000103
10112020
1300210
111040000
100110100
4110100
2011201
11004100
300211000
221000002
1030111
100032010
10113010
210012100
121201000
101011210
200202100
211
100000303
200001112
400012
110002021
21201010
20100022
3001210
310210
100011031
102120001
1201021
301101010
102012100
113002000
120103000
20300011
31100101
4300000
112110100
320010100
103000003
11000311
23010001
30002002
1111120
1100011
10002211
300000130
110203000
200011210
31011100
311010001
1210201
302000200
100033000
111101101
21000130
31102000
1002220
100000132
11100040
22030000
100002211
100311001
201010
400
1201003
2011012
330001000
400100200
300000301
300101200
32000011
200014
210100
11301001
200002000
300003010
201001021
23200
20212
100001302
130010110
211110001
212200
10022011
20112001
122000110
201020020
210101002
11110210
122010001
10122001
310010002
210011002
321000001
120121000
211011010
111010111
3102010
12000202
200000140
200021200
11010031
21011200
10201102
101000230
100111201
211020010
104110000
120003001
132000001
10210030
221011
20001202
100003030
210100030
1310002
10200301
110010022
302000002
40100020
2113
110100004
10201201
100400101
100121110
120101200
12100111
3004
14002
101102101
1100311
300010300
110004010
121020001
1032001
1120021
12201010
13200001
101300200
101201110
100002013
10121020
131001100
121101010
3300001
210101110
32000101
200130100
200100112
12101200
102100210
110030110
102001111
110000212
100201030
200010112
111020110
230010100
10030111
210022000
120020020
103000210
10400020
10103110
40010002
200000230
30100030
13100101
10011013
10003120
110001103
3010102
31300000
30000013
3200002
12022000
21101020
311020000
311001100
2004010
102001021
101400100
200001202
10100302
11010040
30110020
110000002
200211100
100220110
101320
11210002
100014100
100103101
112000030
30101200
400102000
140101000
201210100
212100100
100402000
200110102
100101013
300002020
30210100
203000200
111000013
313000
10201120
1030102
210010210
3102100
102010102
1130011
1101103
131001001
10111030
210110002
101003020
310030
31102
111001021
110000104
11110111
201002110
100112101
1220020
2001001
111110002
102200011
12040000
10121200
12020020
123010000
131002
131100001
3000310
301111
100003120
1100032
11100013
400000000
31030000
10003210
21100210
1010113
10024000
11310100
101100220
13000102
30102001
120112000
200100010
131000020
20003020
20001010
3100003
11140
111001300
300200020
300111100
2021002
1003102
12000310
20100040
202100002
300022
100112200
11010310
1200130
200000302
121000111
11221
1000420
110010112
20110111
2002111
101020300
13100020
101220010
300110011
204000100
200220100
300100021
11011003
23010010
11200102
20000221
102004000
10000
4012
313
10021030
22011100
120000112
100030012
201021001
10401001
2100220
121012
11001202
310001101
2002000
201200101
101020003
201103
1400101
1114
120100102
310001020
203100001
102202000
101001310
2203
21101002
301100200
30000400
100211101
110230
103210
12020110
20102002
201040000
310101001
120012100
31100011
110021200
103010110
100300210
20023
200110300
200001103
1014001
110010001
10231000
111000010
100202101
1020013
121000300
220001011
23011000
20311000
210201100
301001002
300202
100002301
401000200
200101300
1011202
42000001
1200022
200111200
300010210
110400001
10110130
1010140
130030000
400010110
103020001
2002030
102111001
100201111
102100
300021100
120110020
2020000
211000012
20001031
210210100
20030020
100201021
10000123
410000011
100120111
101030110
200220001
10003
100003012
1102000
304
300030100
111100111
111004
10200022
10400101
101201011
10010020
1002031
110041000
3031000
10002220
2131000
2120101
211100002
222000010
3101011
100011310
102130
101002021
220111000
132100000
121010020
110001040
312010
1112200
100014001
20010121
310210000
110211100
10002112
110030200
20113000
200101210
110101210
200110012
10020040
203001100
300000022
1020202
110002000
30011020
100220101
121001110
220102000
23020000
204000010
13000
2311
10101001
400101100
300001012
3111001
100132000
1401010
1101040
20001040
104010100
11122000
100010401
1132
30030001
101000113
30002011
100211011
1020400
22001101
21001120
230000200
230001100
231010
10110121
1020121
110021101
12003100
10200130
3000400
20012101
121000102
2100121
301111000
240000001
20110003
100213000
11201002
2010040
200014000
220110010
2003020
4101001
112111000
220210000
30002101
110111110
101040100
100411
10101004
200000410
110200030
201400
100031011
1201030
22012
121100011
1111111
120110002
300012010
123000010
120001012
3000220
31111
201100012
12003001
220003000
301300000
410101
101110120
131000110
210103
102300100
103001101
100002022
11001400
110110210
10101121
220000030
310201000
202102
30010102
201210001
402100
100040011
10010104
1210102
120021010
30001210
100204
10131010
111102100
112001200
30001021
11301100
121110010
20000110
20002120
101302000
202101010
101001013
200011201
221101000
212011
40010020
11002102
100300021
110221
10011400
400001020
200011300
14020000
3010210
10003201
420100000
300002110
302100010
1311100
202020100
100100014
11011210
10031101
111110020
104002000
10002103
1202200
102003010
200302
2100301
30300100
130100002
1001230
104000011
1111012
100300120
10202200
10110310
204100000
121110001
100001401
10012300
200103001
100030210
110000041
111010000
301002001
300100
200101120
100200001
122200000
131200000
2401
110320000
411100
100110010
1110121
11104
201211000
212000200
130012000
120030010
302001001
11003002
110010220
42100000
30101110
400010020
300001210
121011001
2200120
310300000
410010100
2002210
100310101
20102200
200002210
210000220
203010010
311011
100000240
111210001
110201101
21100201
400012000
40101010
101110000
101111110
13111000
220100110
2030200
101101003
100003300
301100011
400201
4003
100002103
100011022
200210011
200410
21310
110121010
100003021
1231
110030002
311110
111010021
110001202
11001211
2102011
2120002
20040010
220120
100021
101001004
31010200
110110000
120110110
101103010
111000220
1021300
210400000
33000001
110310100
12220000
220300
311200
100011004
201001
400000012
113000101
111001102
21100120
1011004
103012
401200000
231000001
14200000
101311000
201000130
40011010
300030001
200000023
101002210
40002010
22101001
300002101
201002011
100012111
40020100
102112000
14000110
302010010
113100010
100200022
301
230000002
104000110
2200030
102110002
2000110
100110031
10111102
10011301
40011100
20410000
12112000
111301
12010300
200302000
3101200
11102020
101201002
20200021
112001002
31000111
30102010
22200001
11013010
101110012
101100001
1021201
30103
1120300
101102002
31020001
10002400
110003200
200010310
311001010
31010020
10011211
202000102
200102002
1410001
133000000
310001110
1103002
1402
10100200
1221001
102211
100010002
1141
121102000
200120020
200310001
200102020
110410
20210101
120310000
120300100
20021020
110022001
33010
11110120
11101012
10000024
200103010
300201001
210001021
301200100
103000012
101001220
100030120
12030100
110011030
120012010
10202002
20000401
120111001
3020002
4110010
3101101
100302001
402010000
400100011
102220
1131001
111103000
110010040
30200020
1000114
100204000
100102300
20113
200001031
231001000
113001100
11001103
110401
100110004
410110
2210011
10104100
2102200
1202011
212200000
103100020
2000302
301000
100211200
11004010
101010310
110002
20121100
2311000
10310002
203001001
11102002
1110301
3201001
130300000
210101101
101310010
200021011
211002010
113020
100120210
30100021
240000100
301101001
2040001
211300
1010401
23010100
110010400
100102201
12010210
20200102
10001131
110004001
200122000
21400000
101212000
1000231
400100101
210010003
103300
12001000
100300030
30000031
2000212
100310200
101010112
101101
20013010
300101101
4100020
10002031
110001031
100311010
12211
103120
10220200
20110102
10011040
210202
32000200
20001400
1100002
12000001
220100101
11320000
100041010
1020103
30003010
103100110
220100020
20022001
1102120
22010101
30003001
201010210
11400100
100022110
103021
211012000
101230000
201003010
100101220
100013110
100020130
21040
23100100
300001003
201220000
110212000
2300200
101300020
12111100
10100221
1002112
200121100
30101002
10102111
4001002
1031101
101014000
102010201
3220
1013011
21101200
10002010
1202002
240100
100202110
121011010
10010014
10112002
31000000
40100200
10100131
11220001
400000003
301002010
3110020
1310020
111200101
1103020
22
40011001
203001010
1030000
1102102
10011010
112001101
2040010
220021
30300001
201220
20013100
202000021
21200011
10200100
10110220
302011000
300001030
200110030
301100110
20200012
20101012
1002301
100000120
10200400
20200300
104011000
1200004
130000300
100111000
231100
11211010
1003210
2001310
2000014
3100021
130012
21000121
20011021
13110010
2130001
120210001
100020121
111000040
11041000
10130101
1210
10302001
103000000
30101011
3001021
204100
20221
1000120
110310001
101110030
3001003
101200300
103001200
111000202
1110112
411100000
110023000
103101100
201022000
103011010
103002100
100240000
2140
212000101
110000401
101211100
411010
21100012
112002001
210000100
311010010
100022101
22210
10210003
20100301
200102110
113100100
201020002
101010220
21001102
2100004
311011000
100011211
11120002
11020000
12200200
4002001
221010010
200120101
412
21102100
20110120
10010113
2100103
21103000
111120010
100212010
200001301
11100202
113010001
130101100
110110003
3201100
102020020
101101120
102112
100231
120120001
131110000
131010001
14000101
101010100
230000020
204001000
22003
22021
231100000
100211002
100010023
110022010
100200121
200012002
31101100
20012110
114000010
10321
13001020
12000022
300103000
201103000
1301002
101200003
3004000
221001001
203000101
23000002
1
3100102
201101110
110003110
20101102
301000000
11300020
40110100
31210
11100103
100110202
101104
31000210
201310000
30100000
10030120
310100011
2001130
4100002
200020210
211011001
10100113
200203000
401100100
10010023
2040100
22010011
20020210
30000100
22120000
20011030
1030012
200020111
300120100
200100103
201010012
110032000
210000301
111110011
100042000
1022101
100001140
120002101
12200011
20100103
20002102
11002021
201112000
100010101
11113
10311010
121021
110200012
141010000
1040020
20200000
31012000
21110020
120101011
201030010
101030002
300112000
13000300
21121
10110301
2011021
101022100
101000122
23200000
20000140
101001103
300210010
100033
31200100
401000110
200111020
11200021
23002
4111
100122001
2211001
22000003
210003010
121021000
320011
20410
2102020
201100300
32000020
202002100
100100320
1210111
10113100
22110001
123000100
10000300
2030011
201022
3030010
202010110
110010202
111100210
10310011
230001010
20031100
32110
1101400
230020000
320020000
13001002
21120001
200110003
201102010
100023100
210002101
300120001
11203000
30110110
202201000
130010101
102030100
2003110
1220110
12020011
10011220
400002001
311000011
20001013
200103100
21400
11000110
210300001
30111100
20002030
102020011
12010102
20310001
120100201
120200110
130010020
20000002
2000122
110211010
400003000
410000110
3001300
100201300
200200210
401020
121111
11003011
200023000
1003000
2120011
10101040
101041
202110100
202001002
100130101
12200101
112001011
310200100
130000120
102120010
112021000
13010101
1301200
300011101
310002001
220010200
201101200
111000121
2121010
40000201
100030000
32000110
30111010
20122000
1000000
4030
11000410
101201101
300110002
221011000
10003102
10000312
4300
2031001
100100410
200100004
10102000
10202020
112000021
100024
31010101
2003002
111010300
21100003
2300011
3100111
102031000
103000201
410101000
301030000
130021
112012000
1013101
20101300
3000001
11000023
400010011
10014100
310001011
100021030
113101
11001112
110101012
12011110
20022010
112000300
100100200
10010212
100203001
100001002
111012100
220011100
210000103
40100011
2110030
1110202
130001002
21010030
130201000
100113100
203010100
400001200
2400001
310000000
140001010
30200002
20002300
110014000
30012010
103021000
110100202
330010000
300301000
10200010
101001202
101100121
1221010
22102
20310010
102010012
221002000
100031101
1021120
23100001
2200102
121000003
100410010
111200011
4011001
1001410
103110010
310110100
20003200
1012111
200012200
32001100
101210101
110220001
300310000
300000220
21031000
21001111
10230010
110012002
221001010
10222
3211000
100001230
101100202
21002002
20220001
130001110
310100200
310000210
3000022
104110
11000320
11230
101010040
200300110
400000201
10011031
110110201
20103010
2012110
1410010
12003010
1012021
322000000
140000101
20010040
130111000
10231
23000011
120001000
2010130
2011102
201013
32100001
40000111
22300000
10011112
3210001
110040001
12001003
10201021
230100001
3102001
331000000
400200001
120000031
133000
100301011
100101121
111112
1100101
202120000
220002010
12100210
103101010
3000010
101000023
100410100
12031
200113000
220001101
30201010
20030002
202100110
2004100
101000410
121000
131000101
120201100
10111012
103102000
101021020
21002020
20130010
20302000
210001030
101131000
3000121
23110
11100310
101011021
10021102
220030000
31210000
2011120
2102110
100003210
10101400
111000112
10104001
131000011
120110200
11001001
2140000
3110110
204010
100111102
100004200
210100102
300000031
111120100
101100211
11010013
210100210
110203
11122
100000111
200101021
10120000
11020
10102210
430000000
112102000
140010100
222000100
103100002
10312
310000003
411010000
130002100
1300000
4010200
111004000
1103200
112000
120200020
120100111
10002100
122100100
10022110
10101310
102010021
3010111
2021200
40210000
20000011
100022011
100020013
112120
10201012
132001000
11110003
10020013
20001004
303001
1201000
110101000
11011030
11000140
222001
2201002
110021011
200000020
310011001
22001200
400000021
100201102
300220
10021210
4000012
1001032
310002010
20014000
4101010
101020
1010122
2100022
112000012
2031100
112101100
120020200
120002110
10003111
102111010
200100031
1330
30220000
110020300
11100022
10111210
1210012
200030020
100011130
10122100
2002300
100104001
112010101
301010011
110111200
13102
101121001
2010301
1001200
330000001
10001113
200200102
100114000
300301
211001110
32002000
111112000
121100110
111003100
100001311
310000030
200030101
1200001
2210020
4200001
11120110
11010220
2202100
110001220
3101110
200000221
4010110
100002202
11101210
22110010
20210002
20200120
21011110
1312000
300010
210130000
110001400
201003001
2111002
1102003
12300001
311100001
30202000
310020010
220000
202003
10100140
21020200
121000012
200101030
300001120
1023001
201120010
110102002
111000100
2021011
40111000
1040110
21100300
20001112
211200100
41002
232
10311001
212000002
210003001
10011004
120100021
10000201
301000300
20000014
10020130
11140000
12020002
2220001
11000011
1003012
210102010
101010004
1012030
110102011
100000042
142000000
102000031
13000111
14100100
3031
1111
110100211
21011101
320200000
220000300
101020012
103002001
221110
11000032
200022100
101310100
4003000
202010200
100003102
100112011
12102001
120300010
210001210
20004010
111220000
211030
1040200
10100320
410000101
300400000
202010020
201020101
210120010
10102030
101100301
110201011
32101000
130000210
1032010
100111120
1013002
100001212
10211101
13011001
1000201
21111010
301001020
1120012
13100200
10101013
11012020
401010100
20104000
410100001
210010300
121100101
32101
111003001
101100100
103000111
210100300
1010023
211021
101200111
100011121
1020130
32010010
21010201
10101022
210300010
20031010
102002020
104100010
301021
2120200
12110020
221002
400101010
200000113
21102010
240010
101031001
40000021
21000211
210000310
2002003
200110
31003
30220
410100100
113000002
3010120
11001040
102102001
30200200
103000120
11300002
23101
100020400
1320001
1101022
11001022
420000010
111121000
200113
100100221
111220
22200010
10220020
120000100
120001102
100101112
3022
100112002
10132
1111201
301101100
110020111
3002011
10101220
10003021
1200220
120011020
20000101
12202
21020110
203100010
201000013
120110101
211001101
222010
10201111
12012100
10010032
30211000
220011001
20200003
10022101
2211100
101000131
310010110
130001011
310020100
3001
10010230
202000111
231000010
300012001
200020201
101120101
101013010
1010041
22020100
110300101
102000121
14001001
31201
21000220
30100201
10000042
201000112
124000
12100030
2001010
200110210
3100
100001014
120201001
200011030
210010030
22200100
10202101
203000002
113011000
1030003
100021000
14101
101203
210121
100030111
310200001
104100100
103111
20220010
1000021
300101011
110011210
203010001
2200
110131
203200000
120101020
11031010
133
10010401
2100202
2410000
103010002
120004000
2010103
21210100
120301
300010000
200001040
111101011
1200031
10041100
1210000
100140001
10002022
1011031
310000021
2000101
100010230
21201100
100102
310001002
30111001
112101010
111020200
2122
110101
13010110
400102
1041100
1001140
3010000
102020101
1220101
10011001
11202001
300201010
3300100
4020100
200310010
302110000
210002020
10100203
11000212
10120102
2012101
400000300
100221100
100020004
131011
1010320
140000200
1011211
100230010
100000420
120100
4000102
3020110
103001020
103100101
101111020
1211110
122110
101200
1110013
300101110
301110100
101002102
10100002
11100001
20011201
421000
200120011
302110
100300201
200100202
200000104
230100010
10101103
100101001
24000001
20100310
4201
12200002
1002202
120031
102100021
1013020
10210000
3130
12112
20020021
2102101
2022010
130102000
101002111
303010
11120101
2110
1204
10202110
123010
232000000
411000001
22020010
31003000
210102001
12100
122010010
202101100
14000011
2000410
1200202
210000010
30101101
302020
11003200
1010131
10220101
10022002
400002010
10011100
122002000
111031000
220201000
120300001
310011010
30000121
1004110
14000002
400001002
120220000
11012011
1201012
200010040
10110211
21202000
13201
12010120
12111001
10230100
10001203
122001010
120002002
2100211
120010000
20011300
110012110
201001102
111022
10001041
330000100
200020000
2030002
1000300
300210001
40020001
10010101
1002103
20301010
2300002
300202000
2020210
320000200
130011100
10030
140101
22201
11012200
30210001
401000101
2000311
101011102
101001001
13001110
102000220
200100400
1110310
11101021
13010020
20200201
210011110
30010201
10001011
130120
110020120
110001121
12002002
20020111
200200201
11002210
220001110
201100111
111100
110210020
221020
10041010
101011030
1210003
110003011
141000100
20101030
3001030
202110001
320002
300201100
200040100
11110
121000201
41010100
202001101
10213000
111000022
12120010
114100000
200000203
2110111
100123000
11110012
30103000
2203000
110130010
301020100
130200010
30201100
1001110
202300
200122
301001110
201010000
1100110
10122010
100020001
100021021
30300010
210000040
2000032
403
100110121
2210101
130000111
112001110
1102210
1401001
111102001
100101301
102310
1100140
30210010
10013020
100010140
4210
2020120
11200012
101110003
100102120
1104100
320011000
101140000
102020002
103110001
302011
12301000
10112200
1311001
200000014
230010010
202200100
201000310
30031
11103010
1101220
31000201
300000400
30011002
30010120
4000003
100300012
121000120
11110021
10110112
330100000
300210100
20000122
2023000
112100110
311020
211200001
13000003
110000410
102101020
10402000
200100310
211100011
30020101
203200
114100
110210011
2130010
401000011
12211000
301020010
11120020
220102
200301010
21112000
104100001
1123000
11010400
20101210
130000000
201000031
100101130
1101130
310030000
201013000
112101001
110200120
2221000
10120111
200020
22030
100002031
11000020
1201102
211012
40100002
210400
202020001
11001010
200100040
1040101
40020010
102301
13102000
100400200
110110102
110012101
30310
100113001
110102020
111100012
1200103
120112
200031100
200400001
201020110
102003001
132100
1030210
411001000
200000002
103020100
102001300
22000021
300000004
1301110
2010100
11100031
101020120
1200112
301110010
10300030
110311000
120020101
10000330
30400
100001200
31001110
10300300
220110001
101004100
101310001
1042000
20021101
310000102
120111010
102011020
321010
100101010
101014
230000101
210020200
1402000
30201001
20100013
302010100
20032000
21100030
110002120
102103000
2000320
100030
211102
100041100
210100003
22201000
10024
202100200
102011101
101001100
100201003
11014000
22021000
20010130
3202000
10110013
12030010
13000201
140010001
111011002
40010200
100100113
100002400
10200001
1200211
110021020
212100001
10400002
12000040
12001
11001031
30200110
110010211
101001211
11022010
1000213
231001
100201
302101000
102002011
103011001
20230
100010032
140011
11103100
12121000
200020030
30200011
11010202
110202010
20400100
2200003
2011000
1120003
111101200
203000011
200041000
110100010
40200001
1002100
32110000
100000204
111021100
102001030
100203010
10100041
300200110
230100100
4102000
310000
100010203
100001032
11101000
101023
300020101
120000010
30010021
110220100
1230100
3003001
20011
100004020
11101003
13000021
10212001
110001310
4011100
11002012
31110001
14100001
13100011
101001121
203020
30022
220000003
10030000
21101101
10020220
11000104
22110100
41000200
11131000
1211101
13002001
111111100
211100101
101012011
10000231
202000
22000
200102011
10121101
102031
102000004
101000101
200101012
101040010
1102030
101000320
101112010
210120100
110102101
30200101
111013000
101000200
400030
100210003
100120120
201110110
120200101
202000012
204001
40021
103011100
300000121
11111110
40201
11211001
22000102
100311100
111100030
100012000
100020220
11012110
1111021
20120011
10023010
10033000
130030
210112
110130001
22101100
110002201
200000122
321001000
100030102
100012120
10100023
10012201
130000012
200400100
22100200
101100112
100020310
40210
10200004
20004001
20001022
130011010
212110
23000200
10000222
100301101
100410001
11000131
220000111
111211000
111100120
101401
1010002
3100120
103210000
130
21100
111102010
1110211
10200121
410010010
100021120
1101001
40012
100220002
2202001
1100410
12011002
10013002
20030011
101200030
21300010
21020101
21000310
22000210
21000202
101001022
300002002
200001100
1011130
100000012
1003201
200200003
310101010
20010112
211003000
110100100
30001000
11003101
10120
12100201
20300020
110040100
100200004
120100210
100122100
11410000
120000103
100112020
1110220
211300000
200030002
104000002
102000022
1100122
300020011
100111111
13100002
101021200
300112
12001210
1301101
12400000
102001120
11001130
12130000
103000102
120100000
210310000
120010120
100010302
2210200
11101120
202001110
100300111
20002021
2101210
200040001
10100410
20021002
110040010
113000200
104010010
20020
100111021
10021300
120004
1000030
311101
120100300
110111011
103100200
102201010
201001030
11002030
201400000
300110110
2001004
42001
1100113
12001021
12040
10110202
110031001
101002030
3101020
100201120
100210210
30100102
10021003
10001002
2030110
100320100
10040200
10000402
3120001
110031010
1101112
301001200
1211002
101022001
1420
10000420
120000220
10000303
201000220
300102001
11110201
300003100
130110100
22120
40200100
120102001
22000030
101000020
120010111
100021111
110100001
121210
13030000
210202000
100013020
132010
110110120
12001102
2001031
1101202
220000000
2302000
202120
310021
40001110
101122000
3011110
202010011
100021003
1121020
12001030
210021010
3020020
22000111
130100101
30001030
4000300
114000001
100031002
301201000
121030000
13200010
20102011
112002100
200021101
121201
101003200
320101
11001013
31002010
10230001
20001301
110302000
2200000
12100102
11004001
12111010
130210
21110200
1110040
2111101
300130
1400011
100121002
1202101
301100020
202200010
3120100
100110103
100002130
11003110
11302
22010002
31110100
3030001
20002012
102110110
4001011
213000001
202000120
20201200
10300021
121003
21003100
101010010
230200
2221
40300000
2003101
101010202
21022000
11112001
200300011
100000030
202010002
20014
102400
101011
12102100
4001200
300000001
120100030
101301001
10120012
111100021
10101100
202201
100140100
200002102
201201010
101003101
10002013
212101000
110001130
30400000
130101010
220020010
110002030
113110
10200220
420000001
23110000
110310010
102200200
101010103
100420000
100210030
111013
10022020
120400000
120200200
21001
200004010
210211000
212000020
2021110
100100002
11104000
310000300
300220000
101200210
11010211
4002010
122000011
141001000
10000411
101003110
10400200
1400002
13000000
24100000
21210001
10012000
11011021
1001020
100240
3310
101010022
240000010
21120100
4001110
301000012
100303
2020
320000011
200000101
2120020
2310001
11410
214
11012002
120202
131020000
101101030
30000022
21220000
12101110
401101
114001
111000301
202000300
122000002
1230001
20201110
14001010
300103
3013
212020000
221000110
110003020
20003101
3011002
102001012
11211100
1210120
200110111
130210000
31000300
220100200
210112000
102022000
12101020
12001201
302000011
400100020
2010211
1103011
21002011
30010012
4200010
101030200
1000330
30102100
102110011
21020002
10004101
31000003
20300200
10121110
100102012
2002201
100220011
100030021
100020040
10104010
31011001
10020301
1030021
10123000
100020301
200013001
10040020
301110001
322000
301102
20401
40110010
21001201
10221010
2121001
420000100
220000102
1000204
120001
102100300
1030030
201012010
100000312
11100112
12000301
102220000
10000000
20010010
121020010
1101301
21111001
10031002
20011102
110000221
201201100
330100
200111011
200002120
100202200
211002001
111002110
2200210
1020004
102000400
14100010
30001300
11020210
140002000
220020100
104000020
101203000
202012000
112100002
131101
100000123
100000114
20111002
1004200
2201011
20010211
201300100
100111210
1010101
20100031
4000030
4010011
211021000
110201002
32010100
10300000
121030
111000004
200003011
300102010
112000000
2112100
1112110
1030
121000021
100000141
200101000
141000001
11110000
104000200
101210110
103000300
130020001
400300
10032010
1001002
120102100
110000110
30001111
220000210
201001003
10401010
121003000
120030001
302101
11300011
11020003
211102000
110104000
2003200
110130100
4
21200101
10100110
13020010
310000111
310110010
10000210
22011001
2020021
21110011
1113001
200210020
101410
111000310
10200202
110300110
1111003
302100001
103110100
102021010
200020120
110210002
20103001
100111030
43000000
1202020
110110300
202011010
100210102
110103100
10210111
10102012
132010000
10301110
10000030
41000110
110001010
202001200
1111000
113200
110030101
20003011
10040101
421
210100021
101201200
13012
20012200
111301000
200301001
201130
110200
12020200
10020112
2101201
22111000
120010201
201202
41000011
202102000
34
30000301
30000001
100040002
3103
110012020
3002101
331000
201011011
111211
22100110
21011020
1210021
20101000
201002020
122010100
30010030
110113000
21110002
3012010
101010031
221200000
140000020
20011012
30020200
20000032
301200010
10002202
121300000
111310000
11030101
42010
211002100
2023
210100201
1011013
320010001
3010003
10211110
20100100
10003030
2001400
10420000
21003010
11310001
3210010
140200000
130100110
1000210
202021
10411000
11121100
30010
1140001
212020
10042000
23001100
210220000
30001120
21202
1320010
12012001
400200100
20001130
100101310
100210201
10211020
1020010
402001000
23101000
202100020
131011000
111010003
121120000
210020110
2212000
301012
100002112
10010410
100301110
211100200
110010031
20000311
101000221
10102300
4000021
202003000
213000100
100100140
120001030
30000202
120000130
210010201
100301200
100001122
21001030
21000031
131001010
130020010
2101012
1102021
100110022
11023
102210010
1120102
10110040
300000010
120010300
112100020
100200211
13003
1013200
11210101
110200201
20140000
2003011
201010003
220020001
4012000
2112010
1020040
10012
300100000
211120000
23001001
1001401
100010014
11100121
10321000
1001212
220201
202111000
100310002
210012010
3021010
101112100
11201200
100011001
20010001
200200300
200000041
11320
102000103
201101020
121102
1002310
201110020
101100130
200010022
200110000
103010011
1120210
40010011
30100210
1200010
301000201
110113
301021000
101000014
100110001
20220100
100411000
200000131
112010200
120210010
13020001
300011200
30004
200201020
20002111
2301100
200022010
1032100
10010200
121001101
131110
311002
101120200
301003000
300110020
310120
111001000
31200001
13002100
21101011
201000001
320020
1000402
112000201
210001120
101001112
10204
30031000
20000203
100130110
111002200
3112
10100011
10200310
110020201
20301100
220100011
101021110
101000002
12002011
20201020
112002010
200030011
3013000
300100120
221110000
100103200
300010012
101230
201011110
200130010
3010
22102000
210210010
1212100
11220010
100100023
100032100
103002010
100040020
110120011
1212010
211100020
103010200
101001010
200210110
213100
1100212
101022010
10020103
31010002
212100010
10110010
13101100
212000011
210301000
100020010
110103001
112200100
1010110
121001200
3021001
102121000
102003100
2004001
300021001
101010301
12110002
10320100
110010013
21100111
102210100
100100110
2012011
112001020
201004
3300010
102000202
101301010
304000
410010001
100041001
12103
220
200032000
110111002
2020003
111210100
100000402
1213
10001230
210020002
101020000
200100022
1310101
10211011
303100000
21310000
110001100
1000303
200210101
10300003
130110010
400020001
110101030
121010011
202200001
102000130
100200112
400210000
200311000
1001023
102004
121200010
12110011
1011112
11011111
2130100
21001021
10121002
201301
202100011
21013
11022001
21110101
200140
100004101
211000201
110110021
210100111
221020000
100200130
100032001
200010220
340
12000220
300010120
21110110
10300210
3100012
110030011
110210101
221010001
40101100
14001100
10103011
11102101
10402
20401000
210001111
121000210
2102002
101100004
140010010
101003002
201010120
4021000
11300200
21112
1011121
400111000
320000101
2014
100001101
20131000
301000120
101130010
10012003
10021
30000040
110000011
2001103
10130110
1021003
20200030
2010400
130100011
11103001
122101000
130010002
31100110
200201110
321000010
4021
10101211
210200101
220001020
102101110
100202020
111200002
11020111
10100020
12010000
300110200
110003101
40120000
110111101
2110000
100012102
112200010
2100400
421000000
201100000
100231000
101130100
1012003
11111002
10300102
13011100
310200010
100320001
241000
410200
300000112
130100020
10020001
2110021
13003000
211001020
40
1011040
20030110
430
201200020
11101111
11000302
121
10001020
21010012
34000000
20111020
110020021
1001041
310012
2002
200030110
34000
20100220
120010
130002010
1010302
20111200
120001120
210000004
2014000
10400110
100012300
210030100
110020003
100000231
31101001
1000042
110011021
200004001
201012001
1003003
100130002
40120
1220200
210300100
210111010
40000210
10020022
11010112
2201200
400010200
101211001
10000120
420001
211000120
11000101
210110200
10112110
201001000
3011101
11121010
112300
100001410
200000011
42000010
31002001
101121010
1020211
10001014
1300102
100211110
200121010
112020100
3000040
113011
120001201
100100122
1000102
321100000
230011000
110120002
112110010
40001200
200212000
100330
3210100
200002201
11000200
111000031
21002200
1302100
120000121
10001221
110220010
30020020
1310110
100012201
12002200
1300120
203002000
100012210
2111011
100120300
100200202
30211
22010200
110010010
120010003
202101001
211020001
10210210
120121
100011103
121010101
31020100
101011000
100132
100001221
20030101
201001120
311001001
11001301
302100100
201300001
300110101
21103
110011120
3020101
301011001
11302000
21000301
240010000
120000310
111300010
21001210
2200300
100400011
11030110
1002400
100003000
30040000
1010011
20010100
102130000
42001000
12000004
110200021
201000100
11220100
210120001
10000321
132000100
12310000
31201000
3200200
130300
1400020
1321000
20104
200200030
121111000
4000120
100000000
211001002
210000112
211010011
102100030
302010001
100201012
1100221
400010101
113010100
10030021
11000041
10410001
10040002
10010122
2002021
100120
103000021
13100110
110100310
11014
101200021
200111002
102000211
30110101
102120100
100110400
101101102
11000221
30002200
310000120
1000033
21000010
10020100
20320000
30100111
1100302
100102021
2103100
400120
210200200
110001112
201000103
11401000
12002110
400201000
210020020
201000004
211003
20140
11010100
20010301
1203001
210001012
1000411
1002130
3100300
10120300
100010041
100131001
223
100120201
23000101
110300011
220000012
310300
200210002
10110100
1022002
310011100
200010100
120022000
102002101
30130
2201101
300004000
312010000
110100400
1312
1211200
1211020
3110011
203011
101013001
12030001
100030201
101120011
200121001
10420
40110001
210001000
110101003
111300100
200021020
12001012
410002000
2111200
211000111
310012000
102102010
203002
11131
102103
401002000
400200010
10200013
4010002
1222000
10320010
200002111
120201010
10130011
210200002
30100
411001
100021300
200010001
104020
1001122
402001
220010011
12100003
201200110
200031001
1202110
10010311
10001023
302200000
211010101
11020300
212101
4210000
303100
101110210
110210200
20010013
220200100
4100110
1100023
1111102
21301
4020010
130001101
100110301
101031100
102002110
101101300
101111101
200100013
31300
200000212
13300000
10211200
11010004
1130101
322
11011012
420010
312000001
2300020
201100102
101131
210201001
1220011
2400100
210301
40100101
10001110
10120021
10111000
1131100
101010400
1210030
100031020
110101021
10210201
212001010
120101101
300100210
32002
24010
11201011
12300100
20202100
220001200
403000
10000213
2001112
11310010
21100021
42010000
102000301
2200111
100210000
200101
100010221
312001
12010012
110300200
102301000
11301010
1012000
201100210
111310
122002
200300002
201000022
1100200
1000312
120040
10003000
100021012
2000011
100220200
200112001
20400001
10141000
102010120
10000033
201020011
1122100
100021210
100001203
110100013
111400000
212001100
140001001
100221001
21000100
110140000
102101101
200201011
30202
10004002
21100102
402100000
111100300
1000012
201031
200311
100122010
210022
113000020
14010100
130200100
120020110
4100200
100010320
21020011
401001100
201120100
33000010
113110000
220002100
2000140
32001001
10300012
400001110
301012000
20002201
10102021
20101120
20010310
200120200
111020101
101011003
100130011
100013002
301000111
210000001
101040001
1011220
12001120
11021002
101002000
100020103
123100
20210020
2001202
112000102
101020021
140110000
200020021
310201
111000001
2011300
300031
21001300
10310020
103001002
202210
102200101
2020030
101100010
10001101
30011200
201200200
1031110
1000141
101210200
100101211
111022000
31012
120002200
110011000
1001011
11100010
2100013
1100104
20012002
121101001
120220
220200010
102012010
110000101
201020200
110020
20010004
103030000
300020002
40111
200010031
10002121
101004001
131100100
40003
220002001
100001320
10203010
1011022
100112110
20203000
3000013
33100
1140100
100020031
20010202
20020201
200001310
20300101
200300020
102201100
1141000
2000002
100020022
113002
300130000
300200200
1010200
13021
1000111
200012101
120130
31020010
23001010
120003010
200212
100020202
100001131
10001212
300010201
201112
131000200
210200110
210200011
2300110
100400020
102040
200200111
101110111
10012102
221101
10031200
210000211
10111111
11101201
13010002
1001302
123001
100300000
10030300
101201020
1012201
300010021
1300
210000013
1011400
220003
111201010
221200
1110400
320001100
210011200
110110012
10111120
11001220
20201101
11021101
200300101
24100
100011040
20021110
101111200
111030100
21001003
10011022
30120100
100023010
101110021
10300120
30021001
121012000
100100011
2011003
101100013
1121011
20100202
113010010
1020001
310100020
30012100
3103000
21010
100002001
11111200
110011
12000100
14110000
221100001
1002013
201000010
201101101
1012120
10131001
210004000
120000301
200020012
21012100
10101301
110020012
101210011
11130100
300001201
102102100
11230000
200320
211210
141010
402000001
300020020
10041001
310010101
102020200
12100000
11200003
10240
2010220
300031000
30022000
110200102
100300102
410020
100020112
1002004
200101003
212000110
100023001
140020
2120110
13001101
21000112
300000100
20020030
3000004
11201110
10302100
11200210
140001100
11110030
11101030
1201111
2101021
210001003
112100200
120301000
100100131
402010
131200
2410
104101
310003000
400000111
212010001
22000201
101100400
100000201
11100301
100110112
121001011
11010010
1300111
2000020
100213
210211
10131100
110100103
40000012
21030010
20210110
400100110
101000203
110200210
110013010
300021010
101110300
140002
111011011
410000002
300010030
103101001
100020211
200002021
231010000
100004110
203110
211000
3130000
20102101
10000204
200003110
300001102
21000004
20010022
11040001
2400010
1020220
11002201
111110200
10102120
10021120
11000401
21030100
3011020
230020
201210010
40002100
20100001
20101201
111110110
201000400
210004
12021100
200011000
120001111
21200200
1021012
210011011
200200021
210201010
120003100
200400010
200211010
201102001
301010020
23002000
200012020
21010003
40100110
140110
20101
10
10100032
111012001
321000100
130111
200110120
100101202
10010041
200011111
210002200
11012101
111101110
202110010
100003201
11003020
142
10001401
102300001
3001120
20100130
101020102
31200010
10120120
2021020
401011
10120030
3010030
1200310
300000040
110000140
101311
21004
210000031
100022020
102000040
101011120
10310101
3012001
1104001
110010004
300001021
221000200
132000010
2302
20020120
120310
110001001
410000020
201130000
2101111
200110021
1400200
20200
100011220
100000321
300000202
200012110
20302
1101010
21004000
12001111
20120002
2010022
420001000
2000221
2010121
100010104
100000210
110101120
12012010
10201210
210040
20111011
101041000
230110
101140
31021
110001301
402000010
100130200
102000100
200102101
200021002
11013100
11101102
1020100
30010000
120000001
12101011
20120110
120010030
110000203
2201110
100102000
20122
100000024
200001121
213000010
40010101
1020310
30000103
102001000
2000200
2110003
102101002
2000113
140000002
210031000
22100101
13110001
10140010
10042
100131010
10400011
12130
21020020
110000320
31030
100401001
10310110
1200100
1001014
202000003
100120030
201011020
10240000
10004011
100141000
100031110
200100130
10300
200010202
1004020
110401000
201101002
102001102
11022100
13010011
10200103
213001000
30121000
200110201
23020
110100022
3120010
12201001
3020011
200210200
302002000
102400000
31111000
301030
11200
10021201
1210210
310111000
410100010
102021100
101101012
40200010
32100010
10301002
20012011
13000030
20000104
10311100
20000302
20010103
2310100
2001013
300111010
110410000
100012003
140200
11210200
111010
10300201
1000123
300100003
22210000
11002300
10102003
1100230
42100
32011
1001221
12010111
110011003
4011010
100101031
111011101
101002120
100203100
301000210
100110220
121120
2010031
213100000
401001010
100010131
201201001
10213
121001002
3040000
1400110
100000033
33000100
20000041
201011200
11210110
21012001
203000110
400020100
101200102
302200
1100203
1110103
101220001
10011310
10010131
110001211
12100300
210000022
103010101
11030200
30000211
110000023
1302010
3001102
101101000
220300000
43000
21100000
200140000
110010130
32011000
220010110
30001201
101000311
1410100
100211020
200300200
400001101
112010020
10030030
30112000
111111010
110012200
102010003
10410100
320001010
100000300
122101
100111
102210001
100301002
100000411
222000001
122000101
112003
40001011
100123
303000010
124000000
100102003
100104100
101400001
111103
1010311
124
22000300
100302010
2010001
111021010
104200
100102102
400110010
201021100
110001013
102211000
1110004
311101000
200001013
210010000
20001220
1330000
103201000
201300010
13120000
400011010
131101000
12300010
20010031
2100040
20032
41101
1112011
101212
30301000
20320
100011400
310010200
31010110
1210300
301210
1023100
303010000
200000320
10301101
30100012
10014010
2200012
110021002
12310
41010001
13110100
310003
3400
11102200
204010000
102001210
110301100
220010101
310001200
101012110
100010200
111000400
400002100
123001000
12000211
1200400
100121101
101110201
201100021
10100101
101113000
200401
101113
11002000
21011002
11040010
220210
23000110
101030020
10411
111000211
111001120
11202100
1300012
300030010
121010200
101320000
12022
410011
1120201
1031011
30000010
301300
103030
14110
1101100
2002102
30021100
110000230
230002
21000022
4020001
300002011
113000011
11001121
10021012
2112001
102030001
100010011
102000010
2000041
212002000
110121100
110031100
2000131
122020
300000013
130010200
1411000
102110200
33001
10200031
10010002
300001000
121011100
101012200
330001
222100
11000203
101010121
4200100
211210000
120000040
1203100
40003000
30030100
102002002
11200030
10010140
21031
412000000
201010300
120120010
21001012
140000011
20211100
2100112
200310100
110122
101111002
100001020
111201001
101002201
320000020
210000121
131100010
101101210
120031000
110030020
3211
110311
110202100
12000112
10002130
1200121
202111
100200100
101011201
101120020
110140
10100014
121002100
112000111
3111100
103200001
202100101
201002200
10103200
11102110
211111000
211101010
101200000
101120002
110100301
210310
110112001
330000010
23000020
110000122
201001300
10130002
13001200
310020001
10000114
41200
310000201
104001010
102000013
110102200
1114000
100401010
100120003
11221000
20000212
41200000
4120
31001101
112000210
310100110
24010000
2230000
102200110
300004
23100010
20110021
1300201
302020000
122011000
2002012
12210010
302000020
210110020
110020102
122000200
130120000
210040000
20101111
2104000
101012002
10030102
210013
230002000
200003200
120100012
21003001
10002001
1012012
101121100
142000
310110001
3100030
3101002
100010410
100101022
12120001
301102000
210002110
1302001
110022100
1420000
200100301
100141
2210002
101101201
311100100
130000201
110301001
20221000
100100020
202000030
120011110
100321000
100002310
211001200
110100031
212002
20210200
200010130
101013100
111001111
1012
241000000
20110000
100110310
1100020
210003100
2011
110112100
23011
200010121
40001101
13002010
21011011
103300000
110200300
20010220
213001
101000302
10212100
11020201
110001022
110300002
202001020
100100311
10312000
22020001
10013011
1101004
100312
210001300
102040000
11031001
210013000
100302100
210130
11130001
200001001
10210300
320000110
130200001
21001000
3100000
200010103
120211000
110120101
100002100
110110
1021021
300200011
100222
220120000
10141
310
111001210
110211001
101122
130000030
200002003
10010110
20004100
10101010
21022
110200000
110200003
202020010
1231000
1041010
111101020
1101211
130000003
33001000
3110101
100040110
10201030
112010002
22002010
10032100
20011000
2113000
1000132
312000100
320100100
30001003
20111110
103012000
102010111
310120000
211000300
200201101
200101201
210031
110010301
102002200
2000230
10002301
10012012
100103011
22101010
201110011
100201000
1301011
230200000
311110000
200001130
30100003
20011120
40000
10101112
11111011
200020003
211030000
13010200
20211001
100200031
1200013
10201
2010013
122100010
1102
100200400
100100302
112
12011101
10210012
300200101
400003
31010011
101020111
300400
111111001
111010201
1011010
210020101
20011003
21012010
22010020
13000012
211000210
111100102
1021
12004000
12001300
410001010
211010110
20020012
1002001
101200120
212010100
10303
430000
200002
2041
1201300
10020010
102001003
102001201
300013
100004011
101100103
11101
21002110
2200201
20110300
3002200
132001
102300010
101000212
131020
1411
10201300
1211011
214000000
110020000
10210102
100210120
112200001
110001004
123000001
120110011
301000021
102001
110000032
121100020
22003000
10003003
210010120
100210300
200200012
12002020
303001000
301010101
103102
20121001
121001020
10220011
102201001
20041000
2001121
13201000
4101100
3301
101012020
10012111
101000041
4110001
3121000
101302
21210010
10200112
2012020
400020010
312001000
2110300
10033
110300020
120030100
202002010
110302
1042
1100131
20110210
210002011
3003100
123100000
41100001
10330
10023001
4002100
301210000
400001011
1021102
111001201
10001200
103201
2300101
100012030
102310000
3200101
110100040
12102010
30020110
20001103
30001
11002
110013001
401010010
100300
200002012
102022
200200000
20102110
30002020
120000211
2220010
32100100
230110000
120020002
140011000
110111020
110100112
112010011
410020000
140020000
111000103
100330000
120010102
112120000
10201003
11020012
401010001
221100010
3001111
200220010
13011010
20100121
301120000
222100000
100200310
20041
11201020
40001002
12011020
20101021
30013000
3200011
4000201
321100
202030
111101002
1010230
201100201
11111020
223000000
20000023
10010221
3010012
1122010
40101001
210030001
211010002
111121
101011012
2010202
110301010
20200111
110000113
202002001
100202002
200230
100013011
100321
210021100
121110100
101002012
102100201
201012100
22300
24001
320002000
300011110
3200020
1401100
10130200
211001011
1120120
2012002
220100002
120120100
1000024
12002101
21010210
20201011
10000132
301010002
1010014
30310000
210000130
101023000
211201
410001001
1100320
300011011
100002220
30010210
300100012
101210020
31100020
10000003
201011002
401001001
11210020
41110000
210101200
100021201
4102
110112010
101000401
111200110
1102111
111010210
20210011
2201020
112020010
210000400
100310110
301003
12110101
10000012
1201210
203110000
110002300
11113000
10004110
30110002
12010201
11121001
300001300
401100001
211101001
10320001
10001302
10014001
21201001
2101300
100201201
40102000
200102200
24000010
1200040
203011000
300040000
22100002
10030012
203101000
104011
100101400
11011102
211011100
3011011
20001211
104101000
14101000
2001220
1101310
20040001
300011002
220000021
2100001
2022001
10300111
100201210
22001002
11200120
40000030
20300110
1113100
10002004
30021010
130010011
120001003
101300101
3022000
202010101
420010000
300100300
21300100
21010102
2100100
102100012
101002003
100002004
120101110
30011110
210110101
10022200
4000000
3002110
103111000
40000000
1132000
1031002
101101111
301201
21040000
120011002
201301000
201001210
201011101
100400002
200002030
200004100
30100120
200032
101010001
1201
32010001
400000030
110210110
3400000
101001040
312100
100200040
2220100
1001320
400110100
400000210
100402
210102100
300040
40012000
340000000
310021000
1103101
10201000
20110201
2110120
301200001
101011300
400010002
201100120
21000400
211201000
312000010
300101002
20002210
1030300
300211
300121
10120003
200401000
201100030
10110103
101102020
1113010
110000020
10000141
301002100
1110010
311200000
10114000
200120002
200200
101400010
10103002
10212010
120010210
2020111
103001011
200100001
30121
2320
100212001
202210000
101300011
110110111
102013000
112110001
111001012
10021111
10011121
302000110
220000120
200023
201120001
11101300
100300003
2000203
10110031
2030020
111001003
121101100
21121000
31011010
21010111
1204000
21200002
213010000
41020000
2041000
100101103
21000001
211000030
30010003
310002100
1000003
1013110
10310200
400000102
33010000
310010020
110000200
111010030
1003030
340000
30040
300121000
40000300
1040002
110041
3112000
12010021
210200020
220010002
210002002
20011111
101300002
13210000
311000200
311010100
10103020
11200000
20311
20003110
200010004
14200
110023
12000010
1004011
201010111
320100001
12000121
20100211
20110012
3121
11002003
41001100
10013200
41001001
110201110
20000020
220101010
210010111
301120
111120001
11011120
101202100
201110200
120100003
10032001
1030201
20203
113001010
20300002
30301
100011112
101112001
111040
12301
13000210
31021000
112201000
20100112
20021011
200211001
11200111
111020002
11212000
1110031
1031200
401000020
3001201
1003
13012000
12101101
102012001
110101300
100022002
3201010
301001011
410011000
120000022
102000310
10111
10110400
101032
30120010
11020102
210011101
211020100
2310010
110320
10030210
10020202
120011101
101220100
11030020
10020310
200131000
122000020
1011310
112021
13111
11100220
1121002
40002001
21111100
102100111
10003300
210011020
100320010
412000
31001020
2110210
103001110
111130000
110020210
120202000
41000101
2000023
100114
300200002
100030030
131010010
101110102
22000012
401011000
300300010
130021000
10012210
3111010
1102300
111002020
202012
410001100
312100000
2301010
10100104
10202011
300100111
300010102
110120200
2100031
200001211
110400010
200101111
21130000
102200020
11311000
111011200
301000030
211110100
130000
310111
1000240
200021110
104001100
41002000
121010110
320200
211200010
1121200
1220002
200011120
200112010
101202001
22011010
20130100
1120000
11112100
2210110
3010021
30002110
10001410
20120101
2301001
120040000
200100220
200000110
200001010
120000004
100103110
111030010
1100041
400011001
200010211
21021001
110011102
21101110
1000222
100011202
120400
1010410
1110001
24001000
110002003
3110002
1020022
13021000
121002010
21021100
300120010
200011
40030
100010110
101100031
20310100
30001012
122001100
41011000
3001000
2011210
1130110
100011010
301010110
33100000
1010032
11011300
120020011
114010
100004002
101100310
22000120
32000002
2000401
101103001
110100130
10010203
200003020
20112100
11400001
410002
100121011
12101002
10221001
1031020
100000330
201010030
240001
3011200
1011100
200201200
100040101
100120102
1101121
200230000
121100002
20301001
21010021
3000100
200202010
21130
11000122
1021210
2100130
20112010
201030001
100103002
2010112
12100012
103020010
101001130
31000030
202011001
100110013
11201101
20211010
300000103
201110101
111002011
101102110
200011012
102010030
100103020
10002040
21010300
110000311
320001001
31110010
100100032
121300
31000012
202011100
411000010
211110010
10222000
1033000
100202011
200200120
200022001
400120000
310000012
1123
1022011
1001203
14002000
120211
20001121
1240
122100001
100303000
110002210
121000000
30020011
100010113
2110102
410110000
100001110
100002010
112102
210001
401020000
1021030
100110040
1024
2010010
300020110
200000401
1201201
240100000
11112010
310010011
101401000
111201100
200012011
1103110
1021000
230101000
30130000
100104010
101221
101001301
310100002
2022100
200104
4000
10204000
100012021
311002000
100310020
112100011
101011111
100000102
10410010
10121011
1002121
230000011
220110100
1102012
10111003
201003100
1014100
2001040
10040110
303000100
200410000
32200
101120110
201100003
102011002
110000302
221100100
4030000
100100101
1120
122011
410000200
210100000
20100010
1023010
111010120
11020021
210000202
110010103
40021000
32001010
20000410
120001021
2101003
110103010
112030
22001020
112011100
10001140
201121
12010030
121200001
121002001
1300021
400101001
3030100
112210
201211
104002
10100212
101020201
31001011
211010200
20212000
10020004
122001001
31000102
10030201
110110030
210101020
30001102
104200000
102121
10301020
300100030
10031110
2013010
1002211
110011300
30000004
2012200
13020100
310101100
22001110
300100102
111210010
111001
11010121
320000002
102101200
10111300
2030101
11212
120013000
130000102
100121200
11032000
1130020
110120110
10101130
12013
140000110
103200100
21010120
301000102
102010210
11032
10110004
31120000
3301000
11021110
10100401
20002000
103010020
10111021
112100101
10210120
302000101
221010100
1300003
211111
10001320
120022
230000110
301000003
110121001
300111001
100003
100101100
1112020
11021020
10110001
100030003
300101020
220001002
101300110
220111
111030001
100001011
11311
300300100
100011100
130102
1012210
2032
21000040
12000013
102010000
101010130
21211
13
20130001
1020031
20000200
120011200
3000112
100212100
300100201
1040011
21102001
1212001
100030300
202000210
21211000
1111030
110020030
220010020
1003111
102011011
10130020
110012011
112003000
101002300
200001400
101104000
1014010
11100211
13101001
302001100
100111300
1140010
1101013
10000102
400021
140100100
201040
1303
22002100
100003111
100130020
30000130
102010300
102020110
100312000
12013000
241
203020000
221000020
100011301
102100102
230001001
400111
100010311
10103101
10100311
1201120
100222000
100000222
200201002
31120
11031100
13120
1110100
210100012
311000110
21010000
10102102
11110102
20013001
221000101
120001300
41000020
120101002
200010010
10301011
113200000
114010000
20200210
12021001
41000002
101030011
202001011
100031200
30112
21200110
121210000
20000320
2122000
100200013
41110
200011021
2104
112012
112210000
120200002
20100400
10020031
1102201
10210021
12011011
20202010
32200000
20001310
200130001
11400010
11011000
10112101
301011010
200111101
101001031
220011010
3003010
4010020
101102011
101202010
41010010
100003003
200003101
2010004
1112002
110101201
21030001
101000110
223000
41101000
1300300
200040010
1120111
100001023
111012010
313000000
10303000
10111201
1003300
10031020
12000031
101301100
100101040
40000003
120200011
103200010
201000121
200131
103
401110000
103003000
10031011
120000400
210101011
3000301
14000020
214000
110201020
304000000
300003001
11001100
21000013
1213000
11002120
10210
4000210
2100310
110002102
110101111
3010300
2002120
2001022
100111003
30101020
31100200
140100010
4111000
102111100
12010003
31002100
403000000
311000020
102100120
2103001
2010310
203100100
102100003
1130200
2131
12004
301100101
30000220
2101030
201101011
101210002
30013
100010212
1004002
200221000
30011011
32020
1012102
100042
30020002
11110300
10011202
110002012
301020001
11300101
101003011
13101010
141001
30012001
10013110
10010011
200010400
401100010
20001001
21013000
30110011
201001111
101000140
100101004
110104
311000101
112030000
10040011
101031010
100400110
11100004
12210001
102013
12010
300300001
130101001
10112011
200101102
11030011
2101
100012
300020200
30003100
20003002
10011130
101110
100040200
10004020
220012
231000100
20230000
30011101
3110200
330010
1020301
200030200
200031010
100121020
1030120
1001101
212001001
102021001
131002000
120002020
111020020
11010001
200003002
202000201
10023100
2013001
100310011
1024000
2401000
201030100
2101102
104001001
30000310
201004000
100100401
100110130
1131010
10021021
1004101
203000020
220000201
40201000
201102100
11000014
2020201
410200000
301010200
10020121
300001111
121100200
302002
100013101
1010203
22002001
110221000
230101
2101000
10401100
1222
11041
400100002
201200011
2011030
2121100
11200300
201100
100113010
11011201
20101003
102200002
1011301
10140001
2100010
111200200
200010013
20001100
110100220
10123
20120200
10001122
200000200
210111100
210001102
201010201
100
40000120
10020211
10000240
131010100
220101001
10120201
20111101
201200002
101000032
100230001
111200020
310102
101221000
122020000
1001311
31
12000400
221000011
20020003
120021100
20000113
101010211
212010010
401101000
211101100
1200301
12201100
21002101
1310011
10000111
202021000
103000
111002101
11010022
400110001
10330000
110003002
140100001
120102010
10102
10020400
1022020
303000001
201111100
11011
10220110
10001311
201031000
2001100
130002001
100301020
100100104
110100121
22100011
12031000
222010000
20023000
20010400
20011210
201000040
104010001
100140010
1012300
130100200
220200001
10211002
12120100
12121
4001101
11100400
211000102
11010130
200202001
1311010
40010110
20012020
2110201
401000002
110122000
211100110
220012000
