203000000
211100000
301000001
23
10110020
102002
200003000
3011
2000021
100001003
11000030
110100002
21200000
112100
100001021
10101020
140000000
130000010
104000
21000020
110011010
10004
201002000
111200000
41000
10111100
10010111
101002010
1000001
100002101
20200100
10200002
10010003
10001300
200201
20000003
100130000
10030010
10000100
2101010
100201100
100010300
30002
12001100
101000021
100100300
10030100
2201000
41000000
3000200
110102000
1100300
1210010
40010
11020001
11001002
300110000
3110000
220010
101100101
22010000
10020011
10000301
11011010
1020020
300011000
32000
110120000
203
110020010
110010110
1200200
10120001
20000000
102000002
301010
300010001
4000100
2001011
1000004
103100
100111100
11300
100400000
100210100
100013000
101003
110210000
22000010
300200000
101000000
200000201
1003100
210002
200012
12020
20300
100001012
100110101
1003010
100210010
112001
30002000
200001101
200000021
1020200
120002
301001
210020000
100020002
3020
100110200
101010200
1011110
20000012
10012010
201010100
200210000
200010002
20200010
1001030
1000040
11021
3000020
100000031
21002000
110001011
102020
10110011
110000030
200001110
102000020
2000
112010000
300020
12002000
10010030
110010101
100100012
10002011
1002020
2000120
301010000
300101000
20001002
2100200
4100000
300110
2111000
11030
11000
20030000
220010000
102001010
400010
30000002
102200000
100011200
2120000
120100100
10001210
10100012
400001000
130000100
2003000
14
20100020
10000202
1020011
22010
30000200
20000030
3001010
302000
311000
100020101
20021000
30010001
110011001
10001021
210011
1400
1121
3100010
2010101
11011001
100200200
1103000
11120
202010
11002010
200000000
400000010
1013000
100001210
10003100
10000013
2102
210000002
121100
1000310
1100021
30000011
202000010
13100
100101002
100201001
110110100
121000100
10202000
100111010
1010003
10103
1031000
201000020
30100010
10030001
201200
10020200
110010200
201020000
13000100
20000120
10000040
111001001
200000102
121001000
1300001
11000210
202010000
101100020
4000001
1010201
12002
200000300
120001010
103001000
100000103
2100020
30000020
111002000
1201100
1001210
120000110
201101000
100102010
111101
2100101
1010120
130100000
210100001
100110002
110002001
1000121
100202
11200001
102011000
200000
410000
101010020
100012010
1201010
2010110
400000001
110111000
101000300
200110100
200010020
100001000
12000020
2200001
101210
100031
101120
113
120011000
200030
11001110
10300100
10200011
210001001
10010102
210110000
3101000
200100020
12101000
2200010
3010001
1003001
201020
10001
10100021
310001000
210000020
100211000
100020011
101010002
10201100
10010300
230000000
200000003
1013
10102100
1030001
1000031
310001
10100111
12020000
110101001
1020110
110012000
1202
120002000
10103000
10110200
1002200
3020000
200100200
31010
21001010
102000101
101010011
2000012
2012
10012100
2001200
30001100
102020000
100011110
20111
20201000
1300100
101002100
202000001
200101010
100002200
122
110010020
100102001
201000200
30101
1030100
1001120
10000400
101000030
100301000
100200002
100020200
1001003
200102
103000001
11003
20010110
120000002
1040000
100000400
2
101011010
1012100
101000120
11001011
311000000
21000200
20111000
110101100
100002110
111200
111100010
111002
1112
12010100
20010200
10101011
4000010
12011
11001101
310100000
200000111
110002100
20101001
20002010
110000012
2102000
300001100
100200020
1100030
13000001
110001101
11010011
101001020
101101001
200300000
10001111
10011200
101011001
10013
40100000
3000110
200003
211000100
104
2100110
101001002
32000000
210101000
102110000
201011000
14000
1110200
10101200
2020010
100100120
3000011
101300
201100001
110210
100011101
102010001
101000201
103001
14000000
30110
100004000
100000022
21000110
10301000
10002020
10110110
103000100
200011001
10011110
1101020
2110001
100120001
13001
1010021
201001100
10010201
1200002
3100001
1200110
302000000
210010100
30000101
301000010
11120000
10000031
2012000
100100102
200030000
200001002
113000
100001102
10220000
22001000
10011101
220001
20021
4010
212000
1120001
11012
12001001
200111000
201200000
230000
211100
30200
200020100
100112000
1010030
1010000
12001010
10300001
10001012
2020001
100100
101201
1001
200000210
10400
111020
31001000
20100002
102200
10002200
2011010
1111001
210000101
10000103
211010000
100021010
120001001
1002101
1001012
100004
10310
20000300
300000200
202100000
201000110
3200
101101100
20010002
20010011
10011020
211001
1022
200002100
100001030
1111010
101000
21101
101003000
102010100
101001110
111101000
2110100
120020000
120110000
101011100
20003
100001111
1110020
111001010
1110101
1000400
100012001
21110000
101102000
20001020
1101101
220100000
1220
13010
10210010
122000000
120101000
2300000
1310000
30011
40000010
20010101
10000220
101110010
100010102
40010000
10300010
130010
20102
112100000
10201010
10102001
401000
320
200000120
21010100
10000310
11010110
2010002
120020
12010010
220000010
300002
1211
10013000
110020100
1101002
200021
100040000
100000001
101010110
1120010
120200000
320000
1010111
12100001
131
1000010
100210001
100211
100040
100101110
20000
200021000
32
1010
10022
10100210
31100000
102101000
100000040
20000021
10120100
10010021
220000100
302
11100200
20
11100110
21000101
10200101
111010001
102100100
100112
110011100
200120
100022
10001201
100121
1102001
111110000
2111
410
200110010
110100011
1021100
10040000
131000000
100021100
100110020
100110110
1110011
20030
120000020
111011000
20020001
201010001
110111
112001000
30100001
10040
20020010
10000001
1001111
4010000
100002020
100000130
100001120
140
210020
120110
120011
11000120
31100
11101010
22000001
10020101
102001001
10100000
4001000
3011000
102000011
100103000
210100100
1121000
1022000
1100012
21001001
101111000
20200001
11110001
1002002
2001101
11101001
102000200
101000111
201000101
200002010
110003
22000100
100001
110100101
100102100
21100100
2002001
201011
12101
301001000
1130000
10200110
120101
201001010
23000
210100010
30001001
1000202
410000000
30011000
100100030
200
110101010
21200
1010210
11100101
31000001
11002100
20010020
1102010
201002
20210
320000000
201110000
103000010
230
21000002
10020002
110001020
100100201
200012000
10130000
101120000
100010201
110021000
300000110
40100
211001000
111010100
31000100
110002010
100010012
4001
210000110
300100100
200010110
12110
2100011
1011101
200010200
140000
21020000
20011001
10120010
100010111
101030
110000021
11110010
10010120
10102010
103010
30200000
100001300
100101020
10211000
21101000
110020001
10301
11000012
110000000
1012010
1101011
210200
101110100
11100020
110201000
10001003
12100100
130000001
20000201
111010010
1000220
121010
110021
130010000
1103
1101110
10003010
1000301
30020000
100000301
20102000
1011002
1100102
110300000
210000200
2001110
30100100
1001201
11110100
20210000
110000120
1200101
1002110
1101200
101021
40001000
12000002
110010002
11010101
30000110
101030000
100000112
11111000
10000211
202001000
11101100
101001200
100100021
23000000
110003000
100002011
101010101
112010
11210
1201001
100003010
201010010
11102
100010210
10121
300101
10000130
401000000
300000101
200010011
200010101
10010210
101000102
10012001
120010100
100030001
122000
21100001
20300000
30110000
200020010
2210000
101021000
110200010
1020002
2000210
100010030
11003000
101012000
110030
10031000
2201
111000101
102110
400001
130100
1031
10201001
202000100
1400000
100002002
101100002
1110002
112000001
10001030
200011010
100000220
200000012
111100001
101020100
11020100
11200010
121000010
100300100
2120
2000201
30101000
100000202
10100300
12200
310010000
100010120
10100003
212
201001001
202001
310000010
310000001
30010100
100100003
100100111
110000003
103010000
300100001
1021010
100010
1004
10010012
221000000
210001100
10002101
110000201
2110010
11000102
200201000
110100020
12200000
101
11010200
20110010
2000030
2000003
201000002
100310000
111110
110100200
22100000
21002
100100000
1000022
30020
131000
1112000
11210000
210010010
100200101
100030100
200020001
201100010
100000004
1100
10210100
3000002
3000101
11300000
301100
200110001
21011000
120100001
1300010
1100120
3010100
4100
11111
10200200
120010001
20001200
10210001
10021001
200100101
20100011
10002002
110001110
300200
3101
10000010
3001001
1001021
200200001
111011
212000000
211000001
100010021
120000101
310100
10130
40000001
201110
100020110
110
20100101
210010001
101200100
2010011
201101
11000201
100200110
10020020
2100002
1200011
10112
13100000
1010300
12110000
30010010
110010011
20000111
12000101
10021010
2001020
400100
400000100
210001010
111000200
10100201
100000310
200210
203000
110110001
100201010
100010003
100011002
13010000
20000102
1301000
21110
2003
100000121
10002110
11010002
31001
1012001
111020000
110001200
300011
100111001
40000100
2020100
300010100
11100002
20002001
3010010
1000100
100120010
101012
120001100
102002000
301000100
111001100
10020110
20001011
101001101
100300001
100121000
101110001
11000000
10111010
1000013
11001020
1100201
1010012
300010010
10010000
102100001
11002001
220000001
103100000
2000300
200101100
100010000
1310
111000110
1010102
102101
101102
120000011
210200000
311
1100111
10310000
101020010
101000012
12100010
200000030
31000010
300000002
101100200
20120000
10001120
20110001
120200
121000001
20001110
22100
2010020
20120
3110
11201000
10022000
1202000
101300000
3002000
2300
100101200
1001000
210101
1210001
220001000
110000300
100000013
10211
11201
10121000
2011001
300001010
100000010
1111100
101101010
110000
10021100
1030010
121100000
101201000
112000100
102100010
1020101
110120
100200011
101100011
20012000
10004000
110000102
110110010
121001
200100002
1100003
100011011
10200020
11021000
10101101
1011200
130001
21010001
10011002
101000210
21020
300020000
200100110
10001000
102010010
1000130
201100100
12000110
120010010
10011011
100220
10202
20201
400100000
3200000
211000010
1100000
110100110
101200010
2000102
210000011
101100110
100101011
10000112
1001300
20011100
1000112
310010
10010
300002000
1120100
100020020
10000022
2001002
10031
2021
11000111
200001020
20012
300000020
11030000
100000100
100001201
2101001
120100010
31010000
110000111
10100030
211010
22001
112000010
20100200
20110100
20101010
10000004
101020001
100400
102000110
100202000
11
1211000
2002100
20003000
120000200
121010000
100300010
111000002
11011100
1011011
200120000
100022000
2030
1220000
40001
12000011
20000210
202100
300000011
201000011
100003100
100012100
11000003
11100011
11010020
100310
30001010
2000000
3001100
100030010
100101101
10100120
210011000
200011100
100000211
1130
1110110
100110011
21000011
11001200
301100000
111000020
220100
1021001
104000000
200111
110000210
10110002
1200020
1011020
200102000
100100210
100301
101000003
3002
110200001
10101002
100130
100103
11020010
1040
10001102
3100100
101001011
1301
102001100
200200010
2200100
110012
20001101
2101100
100220000
20020100
2021000
100013
100021001
111100100
100011020
1002011
113000000
200300
11102000
10112000
21011
10400000
101210000
11000300
10101110
1004000
110300
100120100
13001000
200001011
101111
2011100
100003001
10110101
10220
221000
2210
20011010
21010010
1210100
101002001
210110
12010001
200002001
21001100
20101100
20002100
110001002
10111001
2010200
1000211
11200100
2030000
200001200
300001001
41
10100
10000121
110030000
400010000
210002000
110200100
2002010
102011
11000021
200200100
111000011
13000010
1000103
110201
2000111
200100011
221
10003001
21100010
10100102
401
11012000
1001102
130001000
200101001
1102100
310000100
300100010
100031000
12000200
12011000
20100110
101200001
110102
1100210
