300111222
141003030
311322
3114
441011100
4110300
114011103
4121103
300141
31410
222030111
11130111
31410000
112122210
22312110
11102223
311130000
301122210
300012210
4111221
1410303
114003
1224111
311130030
123210300
1111440
301124100
300030
22203000
1114110
303
133200300
2220030
300044100
300411111
30022200
14400111
4221030
11130411
111014400
11214003
333000000
122403
11403
112221030
1114221
12432000
1141113
342210000
331110111
300001410
300111003
111303
330041100
3331110
41130300
42211110
3111033
111114003
300014400
312240000
3004410
11333100
330111111
112410030
11411130
30000333
114003030
4124100
11103303
311133000
141022200
44400
1121100
300311211
31121130
31111110
333000
22211211
304121100
311403
112110330
14400003
144030000
30411300
30001332
33030
1114113
111001410
1221003
300222003
11322
3300141
4110000
1440111
111001221
11100
311100033
43320
11214030
300111300
30300330
114041100
112221003
122214
111011322
300014211
300112140
30030114
14101410
1443000
1124103
12321003
330000111
300003303
111331110
111030
111141
300300111
300111411
411222000
3411300
112143000
11132220
22341
122101110
330012210
133311000
311100330
411003000
312210030
111301221
11244000
111030330
111041130
303311100
411300111
11441100
1411410
122114100
300330030
141000033
3003300
3022200
1412220
11144100
3411
222014100
300012240
122211300
300012321
12210411
11322111
300011430
30000030
14114100
11130141
222001410
2331300
11111133
11103
322200030
111233100
31143000
31110411
3030033
300003003
411003030
30003003
41101410
111441
330030300
301411110
301110411
31113030
31110111
3114030
3002331
112110303
330111000
303003000
411030300
300041211
301110300
31121211
1410111
111030222
330000411
12210141
422103000
300122211
333000030
300003411
300000030
301110222
33001221
41114100
30123210
114000003
303002220
2232210
11322300
30301410
332220
322230
3030
1121403
1132203
304110000
31224000
31221300
31222110
3011400
111333
122101113
112221000
30030222
111023310
33001113
111311211
301232100
300041103
31140111
141122100
3001143
122403000
111300303
111411300
331111110
111114300
1113222
122211030
111031221
41212110
3222300
141303
12213003
113220003
303111000
300441
222003000
222000
31421100
300001110
30004140
34221
112222110
303000000
112421100
302331
11130000
1232400
114000411
222300111
11103411
114030
11211303
31112220
144011100
111300330
414
11122200
1122210
234210
302220030
114001221
301140
112410000
111014130
1221141
222222000
30112110
3000441
3011130
114111111
14100111
32223
141000330
33222000
3112410
141222
222003111
113220300
11101110
1332111
311401110
4221300
22200300
123240
141000300
311130300
30122100
4121400
300411
1121400
111012321
11211222
303141000
2331
411300300
30000300
142121100
11212140
303030003
303011400
30030411
112140003
111001413
11101410
11101113
233101110
330111300
133200
30033030
31110
123210000
1221
323310000
41133000
3030330
3111330
31143
11141130
300001413
34110111
31110030
30013320
333000300
30300003
303000222
411111003
300222111
30114300
414003
222300300
2220300
11211033
330031110
3000000
4110303
11122230
41100303
1411140
111111114
222000222
11123310
2231100
30003033
300003111
33300030
33022200
3003303
114011211
111330300
341130
300412110
1112220
30044100
41130000
41400300
41400111
31411110
1141110
112111410
330300111
301221003
422211
2334000
111111330
23421
314100000
3003114
3222003
14222100
442110
300141003
411001140
44111100
303141
11111400
330112110
300111330
11403300
341100003
301110003
141000303
3041400
30414
22230300
11112240
311100300
300112113
422100000
44100003
111003003
303112110
30331110
3330111
1113033
300122400
411011211
44130000
3001413
112132200
414000000
301110111
141141
122103030
301110141
41130111
3031110
3011103
414300
312210
1110411
330000300
330003003
300111111
141141000
111303111
1221330
330300003
412110000
3041130
1140000
223111110
330003030
300114003
412221
1110330
1121430
314100030
414000111
30333000
3011430
4110003
314100003
31221111
122133000
113223000
300011100
34140
4112220
301140000
300031221
33411000
30000441
111033111
112413
2242200
330000000
4113111
1144110
300222300
3300003
114000222
141330
22203300
14133
111003111
112121400
30031110
1221300
303004110
311100114
412111110
30300030
3301110
2220222
344100000
3122100
300300
122411100
114222
12322110
144300000
1410030
11131110
12210114
222111
222330000
414000003
300300141
300111030
144000003
30301221
14111100
11400114
303000033
23313
123210111
111031110
3004113
111441000
1413
23310000
12210111
300144000
30114003
41100033
41101221
3002220
111141000
111122400
111144
300141000
124320
311100000
141303000
111300300
1410411
111011430
441003000
303411
112113030
1243200
30011100
222031110
114303
123213000
22211100
312240
301440
233100111
300441000
33033000
301143
111144000
41130
31332
22311111
300003030
30014100
30011400
441000
111411003
111041400
12240300
4221
311100411
33030003
31232100
3000303
11400
111113220
330111030
114411000
22203003
111011403
30003141
3301221
14212110
330030
111314100
11400303
33111
22241100
333030000
1110141
11211000
11104140
341211000
300033111
300141111
311122200
222411000
111034110
122322
330000303
3330300
3330030
1410141
142221
22422000
33030300
303003003
301114110
300000300
41430000
141003003
11430000
122130
303030000
33003111
144001110
30041400
114122100
4132200
3111222
122430000
311100003
233400
11100033
111300000
323310
3111
423210
22203030
322211100
312221100
300000222
33303000
114031110
4111410
31440
303111030
303114
1141140
233130
2231211
303014100
303012210
300003033
301110330
33114000
111303030
222301110
141300
330000033
11241003
122101140
23310111
141033
111000333
22200330
300112221
300030003
300003330
311103300
141111030
31221030
114030003
300303
301410111
222041100
122100303
30033
441003
111303003
11130114
330011103
33041100
31140030
30003330
4140000
341100030
22230
41400030
30031140
11214000
111000141
11112213
2331003
13323
331410000
3030411
322200
301332
12240000
11211411
1132311
30004113
112140
122400
22230111
133200111
311100111
30111000
14130000
302223
22200003
141001113
14103000
300144
1140114
300114111
30111114
14130
13320300
1111140
301121400
33000222
114112110
2220330
311400111
233400000
34113000
301110033
31121400
3330003
111030303
22204110
411003003
3311100
3000141
3222111
223140000
122211111
11213220
312210111
11322003
22203
12232200
30411111
3441000
3012321
311430
111300141
111422100
301132200
14403
112232100
33001110
122141100
11141211
1121211
33000303
12213111
3003
31140003
11400300
11411100
1140030
23310
41130003
1140111
133200030
13320000
30111330
111322200
1223220
14131110
300033300
14100222
322311
44211
111030411
12240111
1224000
411301110
301221000
30003222
114000141
300330300
33311100
301413
33222
111003030
222114000
11241
414030000
411111111
311102220
141003000
411014100
3004140
3011100
301224
300111
112140000
111001110
3141003
300314100
3301410
330114
12240003
303411000
141030000
30122103
414000
303330000
422100300
30300000
30301140
30122130
32231100
411330
122400003
330114000
33141
142140
4110
122211003
411303000
11400330
3300
12210303
2442
33301110
300311130
30301110
31110330
14112210
112140300
303001140
42210003
3011241
114000114
11100441
30111411
1421130
233100000
30312210
30004410
30003111
300003
1443
30330003
31410300
41100003
11400000
1113303
112440
222303
30
330300000
1232103
303000411
3112140
1440003
1143300
33411
30300
1140222
330030111
11101332
223110000
141003300
30004221
300300330
30111141
114001110
30330
11103330
222004110
12332100
411000114
41111211
30144
122214000
222
301110030
111002331
1132200
3033300
143220000
32220000
14133000
30000
300301221
411011130
300001140
30004110
114300
1222410
303001113
4410300
4140030
14400
14103
111012240
11211114
134310000
303011130
3301140
3300222
4140
233103000
111033
11211030
1111110
304110111
122100033
222300030
301121100
31140300
3304110
303030030
411000141
41100111
222003300
11211300
311400003
33000033
112411110
222141000
22230000
333
1221303
301111113
41103111
141112110
3114300
411141
112410003
141003
33
303222000
1232130
301221300
44103000
33112110
12211410
300033030
300003114
3000003
3414
111000411
12432
300411003
3411111
1142220
441
311400030
302331000
41111130
11100030
1222110
300222030
114011100
4121211
330330
41403
3411003
41211111
331113
11403003
222001140
30112113
114111003
301221
11430
141300000
330001110
41411100
111301140
222300000
1110300
223113
441000000
300011241
144000000
41401110
141000114
330122100
41100411
30112140
4221111
1143003
12243000
3
1332000
303041100
30011241
113223
11111100
122211
314111100
31410111
41241000
3031410
14111211
111112140
300000000
14211000
144000
122241
41211300
141004110
30002220
3014211
41103
22200222
1110
441000003
300041400
301111410
300233100
30031221
141000030
141002220
11131410
300301110
1113141
1113
111112110
111003141
412110111
302231100
300011322
31110033
141111111
3300114
1440000
301140111
411141000
114222000
111222111
330014100
3030141
122130030
300002331
30003114
3112110
333030
311133
111011103
22200000
330030030
111303000
31113
4140003
14130111
42210
3441
300414000
30014130
30000141
142110003
41400000
33031110
30030003
141411
111222030
12321111
411000411
31113003
444000
314400
303003
11141100
12210003
300000411
42240000
114003000
300022203
411000300
30303000
114303000
111411000
300301410
30001110
3142110
1143000
1140303
12240030
1140
42210111
311111211
30300222
14103003
3000033
1421211
303111300
1140003
222030000
42210030
11412210
122103003
11103000
12224100
112121103
233103
111300111
30031113
311100303
3012240
22203111
300041100
30003030
3003141
3000030
1224030
303001221
141301110
14111103
111033000
111111000
303000114
303000330
301143000
422130000
141111000
12211113
123211110
341111100
33122100
3001110
11133030
222111300
11323110
341400000
142110300
14130300
1441110
112111110
41103000
300011403
300330
111300222
330
233100003
311103000
14322000
222111000
411012210
3034110
111300411
111302220
111012210
11211
303000300
312210300
311101110
142110
111001224
300300300
303000111
34110030
3031140
111000303
12321030
414001110
30141003
41103003
412410
11411211
11141400
42240
24420
300141300
114030030
3030222
4332000
11114211
13431
411114000
3312210
3012213
111141111
122222100
30341100
11111241
11430300
3033000
114111300
11100333
222000303
114330000
331110
433200
111111030
22311
31141110
11131221
111111411
30011430
122401110
11100141
300030411
411111300
30033003
3300411
3012210
1113411
111111303
411411000
300114300
302220000
43320000
114300300
14100330
114001113
301410
300311400
11130300
331221
111412110
42221100
3111300
11104113
112221
334110000
411022200
33000030
11422200
233100
300032220
141030003
141041100
41102220
300033
111111222
31440000
111000000
11102331
31110303
311103030
300000144
44100300
111000300
411300000
3030111
22422
144000030
342210
222300003
111001440
1221033
1110144
1222140
2221110
41211000
3032220
3122211
1440300
303033
11103030
2223030
12221400
303022200
23340
111001143
33300003
33014100
134310
311211003
30330111
142113000
141001410
11214111
330000114
114301110
3001224
111141003
111003114
1110414
11133
141000141
30111003
3112113
33033
44101110
301111140
422211000
114030000
4140111
3111114
111111111
332220000
1110303
122111400
111000144
14104110
4111113
11114100
22200141
330301110
222000330
300311100
30114030
14103030
111030114
223110030
300300303
3300030
4121100
111030300
122130111
1111224
41131110
30311211
42210300
31111113
114141000
44103
141300300
331410
31110141
111030030
11211003
331221000
141000411
3311103
14103300
1410003
13320030
412121100
30000303
141114
11241111
222000033
222114
12213
300001440
3003330
3003111
114001410
112114110
113220111
41100222
114300003
122130003
1221411
111114
222111111
33000003
300330111
301121130
141222000
141111
14100
1110441
122100411
341103000
341103
314103
22200114
1110222
34110003
34110000
41101140
31332000
14101140
111311100
303001110
300041130
114002220
2231130
223110
331110003
303031110
41100141
23313000
441030000
41141100
30041100
2223000
11222130
111000222
411122100
41122200
14403000
1114140
330030003
412140000
4113003
223410000
30303
222030030
12321000
303000030
1332003
311214
311100141
1224003
11222103
333001110
301113111
311101113
3314100
14100000
41133
303030111
31110000
111032220
24420000
30001140
30032220
33000
111030003
12241110
22311003
300004110
1410000
3333
114000
30330030
14122200
30012213
411111000
30030330
314100
411222
32220
11100300
222022200
311111130
300000303
34140000
4110222
11431110
300222
2223003
112124100
304410000
11112210
111000114
41214000
222030003
11104110
222000300
122133
111011214
222000000
300001221
3003033
11401221
12211110
301111110
141011100
330111003
311111103
411000111
11130303
11104221
22200030
11100000
333000003
112110
1233210
44100030
30011214
114000330
111033300
11100111
300112410
122100003
30330300
311103003
30141300
344100
112111221
13431000
300330003
301113
312321
111041103
112110411
301113030
11401113
111014100
300300114
30304110
30422100
30014211
114011400
330001221
33330
111031140
11114400
14214
11222100
30222300
442110000
111112113
330003111
111222000
141012210
30011211
3303000
12210033
31110114
11403000
300011214
3333000
4141110
111042210
4413
411
30001113
300003222
114004110
3113220
311103
412110
111011400
222000141
300304110
300341100
300030111
30000111
3303111
14211111
141030
233130000
304113000
12211140
122100030
411000222
30141030
41111100
3414000
3000222
341211
2223111
302220300
1143
1124211
312213000
413220000
33002220
114300030
14101221
300411000
312210003
42213000
3041100
223113000
112110111
412110030
11400111
14241
112110003
3000300
330001113
300004140
41130030
30011322
4222110
311130
222000003
444000000
111011100
111111003
422100111
300122100
33300000
30113220
4410000
114033000
313320
303011211
11104410
333111
1421100
23421000
12210222
2331111
330011130
300411030
300034110
114000000
111011241
303000141
12222210
30311103
300000003
144000111
33011211
31410030
30311100
111301410
142410
301410003
333300
111141030
22200
4421100
111330
3000411
30031410
141031110
30014103
111414000
14430
1121241
1123320
330000141
30003
122104110
111123210
141003111
300300033
300030222
412110003
33003003
30111222
1413300
122130300
341130000
111014211
300303003
411030000
411112110
312321000
30411030
141001140
3000144
303300111
411411
11401110
30441
11100330
330000
300300222
30003411
141111300
4110330
3233100
412410000
300003141
422100003
33300111
141030111
1413030
111000030
1332030
300330000
1221000
14241000
41100
111414
330141000
114111030
314130
111030000
30303003
11402220
1140330
22200033
12240
111000003
412113
300011103
11133300
144300
11103114
112113111
2220303
322200003
30114111
3222030
3111111
111333000
311400
112110030
300312210
111002223
144111000
3001221
111300033
30111
1122321
4111110
112413000
11133003
13323000
12210330
234210000
112110000
114000111
11114103
112121211
33030030
30222000
222011130
111122130
44400000
311103111
33111111
32223000
31221003
14100411
441300
1422210
330300030
11433
2221410
111114000
31111221
314130000
422400000
14100300
122241000
111004140
111012213
330222000
30030000
3141
122103000
111112410
111300
30300114
300022200
33330000
30300141
14100030
3144
112410
1221114
314100111
2220111
1221111
12321
2342100
41100114
11241300
300111303
411000000
3303003
111111300
300303300
12212220
113220
114330
303300300
411000303
34121100
4110033
30141
330000222
300302220
3042210
11103111
11222400
111133200
314101110
14430000
334110
1411110
1140033
11142210
11101440
233211000
300030030
30003000
4140300
3023310
1114410
111111141
112221111
330303000
311131110
30033111
303300
411003
11241030
11214300
14211
303030300
142111110
41322000
411000
2221140
11322000
300000441
311130003
4232100
2220114
1343100
330000030
30014400
11130330
303000003
3300303
11211330
111222
32220300
4110411
222003030
1113030
11130
11111103
11211111
322311000
141011400
30322200
30033300
3303300
11400033
11241000
11244
112111140
300001143
31110300
3003003
411114
4440
112113
302220003
3031221
114114000
3223110
1143111
111031113
114114
30133200
311241000
300014130
413220
222001110
301421100
3133200
304140
1414110
111114111
300322200
301140003
141111003
304110300
112410300
133203000
411000003
11212221
11242110
2234100
1121133
12210
300011130
300303111
4143000
3001140
1110003
303003111
300013320
141114000
30000033
3300033
3111303
422400
1143030
300001113
122100330
11211141
122122200
112141110
322203000
30041130
30222111
411030
300030330
14141100
3011322
300333
411303
301111221
14101113
301113000
41100300
3144000
14214000
114000030
3122103
1141410
111004410
330004110
11101140
22211400
412113000
33000141
3301113
122400030
422130
1111413
111003
330330000
300003000
331140
11401140
11400003
1113000
2231400
122100114
314103000
123321000
30233100
222003
300031410
44211000
114003003
114012210
122111103
311400300
30001413
30000144
222000111
133201110
122112210
30041103
144003000
34111110
3114000
111330030
1421400
311211
33003
300114030
30001221
3341100
14100303
112440000
1113114
11101413
341100000
300141030
30023310
114300000
11100414
11111214
22201221
224220
30311130
114030111
3014100
111303300
222300
223140
112110222
22322100
411001110
222030300
2223300
111004221
112332
33011103
411000330
3311130
4411110
233100030
330411000
3001410
4221003
11430111
23340000
1124400
1112223
300004113
314400000
414011100
311212110
31121103
114030300
114000300
14100003
330011211
411001410
300022311
30012210
3411030
222311100
13320
311114100
411031110
311111400
122400300
111411030
111022200
300030141
33141000
30301113
414030
411300
1410114
312213
141000
411041100
111013320
30012321
4110111
11111403
122100
33012210
42210000
112140111
122103111
1110030
411030030
33111000
30000414
3022311
112410111
22201140
2332110
300004221
304110
441000300
422111100
3003222
111004113
2220141
11214
2220
303303000
31413000
111031410
222111003
304111110
301113003
411001221
300222000
141033000
330300
2221113
330001140
30030
1113300
12213000
23311110
30330000
3033030
304113
11400141
111300003
301222110
301140300
411111030
113220000
441000030
31113300
32220111
3003000
30222
3330
300114000
3041211
4114110
3002223
122111130
111001113
30030300
33000330
3303030
14100114
111301113
222141
111122100
411030111
41104110
30122400
111311400
11130033
22230003
304140000
3300300
304410
13321110
30414000
30144000
4121130
223110003
11122311
2331000
341100111
303300000
414003000
300111033
44100000
142410000
30001224
3311211
330311100
112140030
414111000
411011103
302220111
30223110
3330000
11122203
111112221
330011100
1121322
303000
41111400
300031113
300000333
30012240
4410030
14103111
330111
4143
303300003
1222221
222002220
11102220
1111113
314211
411033
111030033
222330
1110033
233211
303011103
330033
11114130
31140000
300001224
32220030
114022200
11134110
11130030
12321300
1222113
314100300
11212110
3030114
3000330
14100033
222411
223221
1332
33111030
3011214
330222
111141300
31221
12213030
300122103
3322200
122101221
301110303
22211103
123210
111003330
301410030
300042210
322200111
141011211
3001113
1413003
222000411
330011400
111000033
311211030
31221000
11131140
300030000
341101110
311411100
3030030
3000111
112221300
330033000
311214000
300000111
33030111
33003300
111411111
11141103
123240000
301440000
122100000
1124100
330000003
300030300
141001221
3300330
3300111
3044100
4332
330000330
112110300
311141100
300111141
300023310
133200003
1110111
441111000
300000414
30411
3000
23310300
2442000
300142110
300133200
300112110
30311400
14211030
3022230
3033
111011133
441300000
22311000
300333000
300411300
300002220
33000411
3030003
14100141
111030141
330003300
1111143
122103300
411002220
33111300
224220000
113331000
414300000
300012213
33000111
3030303
330303
330411
300030033
122430
11433000
30000000
41211030
3003411
111341100
1113330
111222300
112110033
331110300
122111100
304221000
300004410
42321000
4113030
3111000
11414100
11403111
330300300
11103141
112110114
122400000
30041211
222112110
30303111
14130030
111304110
223410
2221221
411330000
311430000
341400
11411103
422103
22311030
303000303
301224000
33111003
141300111
141030300
114003300
111300114
22201410
411030003
111111
44100111
31124100
30011133
3004221
11400222
122131110
22214100
300300030
2222220
411033000
141014100
30000222
14411100
3114111
441030
411000030
30141000
12210030
133311
311101410
302221110
11103003
22211130
22222200
1112331
300003300
3112221
14322
11101143
222000030
1110114
3111411
3022203
233111100
113331
3004110
303001410
414111
111041100
113231100
331110000
111122103
23321100
301112220
330003
22311300
111222003
22212210
312210000
3031113
34410
11100114
114311100
34110300
141411000
30411000
111022311
300311103
300030114
411003111
322200300
31122210
303300030
30002331
114000303
303030
222001221
30222003
33011130
30022203
41100000
303111
1140141
33001410
300022230
300000141
34221000
44130
122100111
111223110
13320111
311130111
300223110
33000300
30111033
311241
23310030
301413000
31121100
4110141
1432200
1410
222122100
113221110
112112220
33030000
13331100
111011211
30022311
4224000
11401410
322203
2220411
34410000
300033000
411004110
4221000
303330
111003300
222003003
112110141
330030000
112224000
223121100
41211
412221000
141311100
30141111
30000003
112113300
222011400
1121103
300031140
411311100
412140
114141
11212113
22314
12210000
304110030
114003111
111014103
133230
303011100
30030033
141000222
4111140
222011100
30441000
1413000
11133111
12210300
122322000
22201110
11100222
3114003
341100
11131113
112113000
111011130
141300003
411003300
41214
11212410
303003300
411001113
3422100
3011403
11400411
144111
123210030
23310003
303111111
30303300
11130003
11100303
2334
223221000
301221030
311400000
30112221
114300111
11100411
141
303003030
330141
1410222
33300
223110300
22200111
3302220
30030303
3141111
311211111
33000000
12221130
301110000
3030000
11403030
111312210
111142110
314211000
300422100
411011100
30030141
3011133
4410
113220030
112111113
331110030
1333110
11222211
303033000
411011400
30003303
111311130
122400111
33303
1140411
330002220
1221030
111022230
14101110
11103222
114111
14211003
300001332
30030030
22341000
12324000
12221100
412110300
30111303
3000414
114001140
111000330
1111221
31114110
30011130
1141221
122100300
11100144
22233
1132230
123213
41400003
114
30011103
31132200
111003000
13320003
12324
1111332
30114000
4113300
30114
122100141
11223210
41111103
30300303
31111140
122101410
30314100
4413000
3014130
3013320
11103033
30001143
3014400
111411
122212110
311111100
3001440
3011211
111033030
11111430
2220003
3000333
141001110
3412110
1410033
222030
12221103
33001140
30000114
3041103
422100
22233000
1224300
141000003
30411003
41101113
304221
31224
233100300
244200000
124320000
300011400
4110030
4410111
301410300
30033000
30111111
303303
441001110
30303030
1110333
300002223
301410000
30022230
11430030
1140300
111122211
11112321
1221222
303122100
30034110
3111003
1411221
311100
300014100
11100003
222011211
123321
133230000
30030111
1122240
222001113
112121100
300000114
111330111
1421103
44100
112113003
122211000
41103030
30000330
303301110
311211300
141000000
30122211
1410300
112224
330001410
322230000
1122213
11111211
300300411
41403000
30011403
3111030
111033003
2224110
301110114
33004110
4113000
14111130
31140
22200411
300301140
300301113
423210000
322201110
14400300
303222
222033
331121100
300300003
30000411
3122130
111311103
22200303
303114000
114111000
41241
133211100
122102220
142110030
301332000
32221110
222303000
112121130
122100222
111000111
300331110
4440000
441000111
34110
111114030
4224
30300033
32220003
141000111
3141300
300114
111000441
2331030
1232211
411300003
41112210
32331000
3141000
300113220
411111
302220
122130000
111003303
300
222222
142140000
301221111
114000033
301110
1332300
111002220
11111322
300030303
133203
111001332
2231103
311101140
41222100
3122400
41430
111030111
4113
3222
414000030
222012210
30111030
14401110
11411400
11133000
111003411
1110000
33003030
311104110
422100030
141330000
3411000
222111030
2223
111
301140030
311101221
11103300
444
11322030
12221211
333000111
300111114
30001410
3300000
4110114
3000114
1440030
11113320
300033003
1232100
311100222
14130003
222033000
112332000
22202220
300300000
322200000
300011211
31410003
30042210
141011103
32331
22314000
300014103
300303000
30112410
3222000
1121214
11233200
303111003
142113
111111033
31111410
142221000
300123210
33003000
41211003
114011130
111003222
22201113
223110111
244200
313320000
41400
3303
1133310
111000
31110003
31110222
114014100
441111
12213300
123221100
2220000
33011100
311211000
30222030
3003030
3123210
31413
11101224
331140000
411000033
11404110
143220
42321
300000033
111300030
111001140
222011103
111022203
333003
312211110
33000114
111330000
2220033
300000330
433200000
311322000
1413111
114411
1113111
112143
144
300122130
122111211
122103
111044100
300303030
300031110
31113000
34113
311403000
33114
111041211
41322
1124130
30300300
30001440
142110111
1111410
11111130
30300111
311100030
311112210
111000414
414000300
30333
304110003
30003300
3311400
1224
30302220
41103300
41100030
4122210
111330003
22230030
22231110
12214110
30412110
133200000
341100300
300011133
33300300
141300030
31113111
30111300
30002223
333300000
114033
3030300
3001332
144030
42213
11101221
14400030
3111141
3141030
300111000
3033111
11430003
111301110
12211221
301141110
301121103
311222100
41100330
300000
1410330
333111000
12243
301121211
144000300
141030030
1440
333003000
301113300
3033003
3014103
11130222
411300030
302223000
30300411
1411113
111003033
123210003
330022200
41101110
4410003
14102220
1424100
144003
222000114
30142110
11400030
333011100
422101110
142110000
14211300
14111400
300414
1113003
111004110
331113000
33011400
141011130
14400000
1121130
330003000
