1210200
111200010
10210011
12101001
10001103
1000410
211010001
1001310
410100
100111011
210020001
32000100
120012000
110010102
1000203
201000102
320001
101110002
200110101
211010010
2110020
101010120
10410
10100004
21101001
111003000
110220000
102100011
201001011
1021002
10010112
300000030
21000030
31001100
1020021
231000000
100020030
110100111
121000020
110300100
210000021
2110002
2001102
310000110
103000020
100310010
100102110
210010101
11121000
10011210
2200002
1310100
400001001
211100100
10100400
2021001
110022000
110000022
110101002
101210100
11031000
1410000
120101100
101200011
321000000
201000030
2103
3000030
12210
2110110
111000030
12100101
1211010
1013001
1101210
110121
130000020
10000221
320010
202020
1130010
100004001
102001110
2111001
200030100
112110
120010110
30000021
10010013
130011000
100301010
211010100
1001100
400101
14001
1100001
300100011
300020010
12030000
12003000
113000100
20001030
30101001
1023
300003000
200022000
1102011
22011000
210020010
20001300
111110010
20010120
1022100
100002030
201020100
1020120
20020110
40100001
110111001
200100
200100102
10002
100012200
20022000
204
110000112
101002020
101011200
301011
100012101
111020010
300001002
20021100
211000110
21100002
101101200
11112
11010
4011
200111100
11111100
1311
113010000
22101000
2000040
1002210
100120011
400001100
100002000
11130
1113
111000000
102010002
1011000
111001002
301110000
301010010
221000001
21010002
12100020
10221
101201001
300030000
100001010
303
10101003
20000112
201001020
13100010
100101201
402000000
3111
11010201
200040
13020
110100210
101301
10000140
111021000
2021010
101011101
100202001
300101100
200010030
200100030
400002
21200100
220010100
400010100
10122000
2000013
100120002
100101111
10020000
140010000
30101010
110110020
1100310
40010001
300021000
1221
31110
100031010
121020000
20040000
210000120
20013
303000000
300102000
2100201
100001310
110030100
120010200
20001111
3000210
1001211
301020000
300200100
1400001
1004001
320100
100104
100110021
10200210
100203000
3300
2003001
103002
21003
100300002
110040000
311000100
102200001
102101001
121110
21111
211001001
301002000
401001000
11001021
21001200
300010200
120110001
2310000
2011020
200400
2201001
202110000
200201100
200013
10400001
100010031
1010040
21110010
20011011
1100301
110100201
111000021
1010010
20210010
400002000
211000002
200130000
1011111
312000
221010000
202000101
40100010
1003101
100110120
11000031
110100021
1022001
220011000
103000101
3100101
201110100
100000140
11120100
201001200
100400100
11030100
100010010
10102011
30000111
3111000
1022010
20002002
210000102
1100040
202020000
21000111
200110020
121200000
22200
10300110
10020111
120010011
101010300
200110200
10000212
101100012
2101002
13010001
101111010
30101100
110000202
10001040
4101000
12100011
1001220
400020000
200020002
100010100
20000100
111010020
1300020
1102110
11001210
200100300
200101002
101110101
221000010
10000104
210
213000000
320000001
310010001
101200002
102020100
102030
14010
1103010
330000000
13011000
30010200
2110200
2000121
120111
110010
230000001
311000001
110200002
110002101
20001120
3010110
1011201
1000110
202011000
140001000
10012011
200000022
400011
100211010
210102
10131
100001301
210000300
103200000
100122000
2100300
1000221
102003
13101
11201001
410100000
100000041
110001120
100230
110301
120000000
23010000
13000200
2000301
100101021
1010022
2100102
100003002
201110010
10003110
30210
20001
1103100
21020001
200111010
200120100
302001
12030
1010004
10210110
10201101
202000020
30010011
100113
21200001
103011000
23001000
110012100
4100010
100040010
10012101
410000001
101101110
20000001
204000
100201002
11101101
11100000
222
1110120
12010020
300011001
14000010
120201000
130001001
201002010
102000210
1000020
24000
220002000
222000
22100010
4020000
1200003
3010200
100014
20102001
200020101
330
31100010
1003200
220011
11000301
11000022
10200120
2220000
21010200
10002201
1200120
100100001
100300200
202001001
300010101
200002110
100000203
100212000
101011020
1122000
30300000
100410000
121000200
31000110
420000000
311001000
11120010
11220
400200000
40100100
100131
211002
11100
10101111
12000300
120020001
1010130
200210010
200100210
310002000
201030000
201010020
11211000
110020002
21020100
101030010
1030110
130000002
200010003
102001020
2000400
2012010
3000111
100020111
20300100
10311000
10001100
300010002
121001100
102010110
100300110
3120000
10200111
111002100
201001110
120102000
10200300
10004010
21201000
10002120
11020011
2301
230001000
200001102
14001000
1000023
101013
10220100
120001011
101200020
102010200
20130
12001200
10031001
311100
22001100
3000300
110100030
4010100
131001
11121
2202
310101000
103020000
10020021
12012000
40200000
20030001
40011000
10030011
110002020
110003010
21010110
101010102
230000010
200001300
2011011
10021101
1200111
220020
110400
11030010
10220010
40101000
112000020
120010101
121010010
1220100
10202010
301000200
200110002
121100001
221001
10040001
302000001
112200000
100010130
110200011
102201000
201020001
200120010
100301001
310000011
1110300
102012
11002200
10101012
120000102
10000032
200100120
1202100
10010022
100000020
10201110
132000000
1040100
210110010
3110001
100200210
1102020
11100120
101013000
110000310
4000002
102100002
201101001
100101
20103
21120
230100000
20010000
1011021
400200
1120101
301101000
10211100
2102010
11100012
202000002
10003002
31000101
110011101
2022000
102000102
102110010
10020210
11100030
13110000
212100
10014
101103000
10300020
1100130
10100103
10121001
1020012
12000111
103110
100010211
1200300
200002200
111100110
101000100
1101000
200001
12020001
121110000
300002010
100041
10100010
301000101
210110100
2010201
104100
101010012
200013000
10000302
110020011
10002030
2020011
100100040
11210100
20301
211200000
110111100
13010010
111001020
11010120
3010101
110102010
1300101
30000102
1030002
110100102
10100121
12010011
200211000
31000200
111030
20211000
201003
111120
320001000
3030000
10230
1112001
111000210
110202
10211001
101011110
20103000
120101010
131010
320100000
212000010
20220000
120110010
3100020
10101
300100200
21003000
300201000
102010020
103010001
301020
1101
10140000
120002100
21000102
20010012
20100003
110000040
202001010
10003200
10022100
10012200
1002030
2110011
220000101
102000000
10001202
121101
11003100
210010110
10111002
20010102
110012010
2010003
100040001
300000300
210200010
10010301
2100003
1013100
102111
100200000
212010000
110110200
1101201
100300011
200010111
23000100
100010022
200020200
1140
10030101
102101010
10012020
221100000
20111100
24000000
23000001
20100300
201000210
10023
201000111
111111
20011002
104000010
1020000
11001102
220110000
10032000
20031000
1010103
31020
30102
1110201
1020102
100001013
110200110
10022001
2100012
200001012
30120000
111010101
100320
111102
10200201
120111000
210011100
100001220
21210000
20201100
20011200
111010110
200021100
200111001
201021000
122010000
10000401
110101020
20110011
10011201
130000110
200010120
101202000
201001101
12010101
22001001
4002000
2130000
120300
111120000
210002100
20001000
12000
100220010
100013001
11012001
100003020
11040000
20020020
210001200
10000101
201000
201030
11101020
301000002
22000101
10010004
20030100
20001012
2103000
1021110
20100120
310020000
21000000
10310100
14000100
1031001
12000030
112000110
12300
100000410
12201000
10011021
110031000
3101010
120100101
10031010
100120020
201210
1130100
101102001
210100020
13200000
110031
1011030
201111
10101102
121011000
101001000
10020003
210000201
20101200
1000113
1210002
1120200
100000023
111000111
1030011
101001111
101010210
111000003
2031000
102101100
2010300
1014000
101000301
4010010
1000002
200020020
10011003
100102200
102201
10010130
102100101
11011101
31101000
10001310
2001003
101220
210110001
12110001
40000002
30100002
20120100
101200200
201002001
31110000
30030
14100
110112000
110000100
2200020
100302000
300010020
112000011
10300011
110001201
101002011
2120010
100200300
200000400
10410000
1203000
1030101
104001
10100022
13001001
200200011
131001000
200121
10001022
212000100
2001120
111110100
40010100
12001110
10130001
1211001
201000000
101211000
30000120
200301
12002010
4001001
120020010
110021010
100002
21012
10010220
130000200
200040000
210100011
30011001
11220000
3110010
10002102
200003001
201100011
102011010
100020201
100101003
30100011
1210110
210010020
4001010
1113000
20004000
120101001
2020110
311001
20120001
310110000
41100
121001001
102000012
2001021
130002
100110201
20220
1104
11112000
1002300
12110010
12000102
200000121
20003001
210021000
10002300
120000021
100103010
30201
200010012
330000
101400000
110310
101021100
20110200
21011010
12102000
211200
310000020
200020110
110000001
10010211
3100110
10210002
33
300110001
21100011
20010210
202010010
101101101
104010
1400010
310200000
400000101
30120
20120010
200201010
20100000
30020010
4000110
3011001
100302
220001100
101310000
2210001
200012001
140010
32010000
103010010
11022
20100012
111001110
101010000
200110110
1003020
310011
103020
110103
302000010
100000311
30020100
20003010
101000400
100120101
103011
130001010
100004010
400000200
20100
103001001
40110
2310
11000004
104100000
102010011
101000130
102000
103200
1012002
13000011
10020300
21010101
101201010
2001012
2101011
100400001
201201
200000010
122100
21001101
100010202
1104000
310110
111000300
13000101
20200011
20000202
4011000
2200200
203000100
100020000
2101101
401010
11202000
10100001
2200101
101000103
20011110
4020
3210
320010000
100001121
3012000
10001301
201000003
101100000
30200010
210001002
20000004
10000014
210000000
200220000
20020002
201020010
4100100
140100
1040001
10102200
310000002
30011100
10201200
2100021
30200100
100140
20020011
110001000
13100100
102000021
1032
220000020
40002000
110110101
100022010
20202
320000010
100320000
20200002
10001220
2112000
302100
211100010
120100200
11013000
101003010
20010021
211020000
10003101
1020111
2002020
10400010
100001031
42
100101000
200101101
111000
321000
100102020
230000100
101121000
210010002
210010011
120002010
10002003
101020002
101000013
100020003
100001040
10100220
201201000
1221000
210101001
1200000
302010
32001
111300000
101130000
100031001
11120001
211110
12011001
301000011
101011002
100002210
210002001
102120000
100000011
22000200
32000001
13010100
11110011
130010100
103001010
3000021
230001
100100010
122010
3300000
101002110
110300010
30012000
30110010
20110110
102000120
311010
123000000
300001101
1400100
1010031
100011102
10302000
20200101
120003
11400000
201012000
210003000
200001111
300000012
20000211
2001000
130200
23010
230010000
120000003
120021000
110011020
200021001
1122
200000211
20101110
1002012
200000004
110011002
102
10112001
310100100
1111101
11310000
300120
1011
11000400
10110201
1101021
112011000
10300200
23000010
1001103
31101
1230
12002100
200000100
100000101
2002200
1000302
200120001
212001
130110000
2300001
20001003
10201020
1101012
301100010
122000001
10010400
1003002
20400
11100201
1100211
1110012
100004100
211001100
40001001
10110
101012001
21000120
120000300
130010001
11010003
110102100
101111001
101010201
211020
10120101
114000
200000310
1102002
201200100
12012
100000014
130100010
10002111
20110020
11010111
2210100
1000104
12110100
220000200
20030010
420
31000002
31010010
100010013
12201
10021020
101040000
211000011
110200101
110111010
10130100
11011200
100200030
100002300
1401000
210030
110130
1012020
211101000
21120000
2030100
1001040
100100112
100013010
114000000
300030
20202000
10030200
301001001
102300
1203
110112
130101000
300000201
11001201
301011000
411
10320000
1000212
11013
311100000
111101010
101310
110004
301001100
13000110
21102000
2201100
101022000
420000
22020
100030011
122001000
201010002
200010102
22000002
1112100
10140
11001000
30000000
200400000
12011010
11202
10012002
110310000
112100010
221000100
110020020
101000310
101000004
300201
2210010
201100002
200000112
121001010
120020100
1040010
112020
400000002
100211100
1001022
100010040
10100130
20002011
100012020
11210010
21002010
12000000
310010010
100220001
11201010
100002012
11010102
10020201
10002021
300210000
110013000
10110003
210011001
10013001
111100101
10014000
4000020
101031000
301200
30010110
110000013
10021200
130001100
100000122
401001
100010220
21021
212001000
402000
10301010
110010003
31100001
101000040
203001
10120020
210120000
13001010
1110021
12001020
12001101
111000120
101100201
202110
1130001
12010002
110400000
131000100
1000140
1001013
100100130
100020021
100002201
1100010
10000041
111010011
20012001
110011011
100130001
11301000
30001110
100030101
200112000
110100000
110000130
11110020
10011030
102102000
120300000
201003000
200100201
100110102
100021011
1201011
221100
210111
30210000
110000400
10010103
112200
20210001
100000002
112010100
110010210
1320000
100100301
302010000
2220
40020000
20101011
12100002
21000201
130002000
3003
1210101
20100210
110012001
2211000
100210101
201100110
1121100
10300002
121100010
3000012
11001030
33000
400010001
111001101
200102010
10000203
2100030
102120
3000
30
11102001
300300000
11040
100023000
100131000
212000001
310001001
131100
10041
120000111
411000
12021000
1300002
101001003
1011102
12003
13110
10100013
120000210
20111001
120001002
2101020
113001
202001100
30300
101112
10121100
2010111
302001000
200000202
111300
3
10003011
2300010
30000030
201300000
11010300
1001010
21002001
300000120
112110000
114
201101010
10011300
3101100
2000022
1000014
200200101
200010000
111000012
101102100
1200
100201011
212010
101120010
20112
110010012
100031100
3100011
101020101
1013010
33000000
110011200
221010
100103001
100200021
100022001
20121
130100001
20002020
100101030
131000010
104000100
2003100
2111010
100001022
211002000
211000200
110220
2012001
2000130
101000220
100400010
100021020
1100103
111012000
10000410
101010021
20000040
202100001
12000003
30030000
100300101
200110011
10000230
100023
11301
10110210
3001110
300020100
200011011
122000100
102021000
101021010
11300001
141000000
200101200
1310010
10212
10310001
303000
101111100
130000011
11011011
100202010
113100
11031
10101021
100003110
100103100
1012011
31100100
1212000
3002100
203010
100012002
100011111
41000100
1020003
10203
122001
300000210
30100020
30110100
101001102
10320
100030110
101000022
200101011
40002
10311
20031
10120002
11004
300002001
200000040
100102002
101211
11010012
200001003
1002000
111002001
1212
1201101
100011201
130101
100002120
2202000
102001002
140001
11020110
300100020
200000301
112000200
41001000
110120001
100040100
311000010
1120020
410000010
300001200
201100101
110011110
11110002
100100310
300102
101001
22200000
210210000
10110021
110001102
2300100
201001002
100200102
100001103
121000101
100100202
12
21000012
120200100
2010000
100021101
11102010
201102000
202011
101020011
1000320
1011120
11002011
112011
1001004
20000130
110000121
112002000
20100030
21100020
110120100
1201020
200010201
41010000
20000013
20101020
2013000
123000
110100120
1010121
100221000
201010101
11211
40000200
1300200
100200120
3021
111003
102210000
221001000
1011003
100130100
21300
22002
200101110
11103
2102001
110130000
3030
31002
300100101
11103000
202010001
101001021
300000
100200003
100201200
11002020
100011000
1000032
202101000
200100111
110100300
10021110
10000113
20102010
0
203000001
123
11200101
100010121
100212
100021200
3200001
111011010
2101110
11000010
110210010
112101000
10004100
4200000
102010101
1012110
202200
100211001
111100011
30010002
100000302
200011101
100022100
30010020
120010002
101300100
30000300
200000130
102002100
11010030
1131000
100012011
10401
1020
100300020
300010011
100111110
111021
10001004
310001100
301200000
2022
11101002
1010220
21200010
11012010
21011001
10112010
20001021
210012
110301000
110010000
110001030
10000320
111101001
1010013
103000200
200100003
120000
11020101
2030001
101012100
201000021
210120
101103
111201
120102
120210
210111000
102100110
20100021
1111020
12101100
1010211
200010
101100102
110022
2002110
1003011
101021001
21012000
11200002
12111
11020020
10122
3003000
21030000
22020000
20022
10120110
11000001
300003
300101001
3021000
1310001
100013100
10300101
210003
200000220
121010100
11001111
100310100
111210000
10200021
10001121
1011300
200100012
1101120
10210101
300200010
200102100
1301100
102001200
121002
11021010
11101200
11000112
110002002
20001201
120100011
210020100
10011000
1000401
11200110
101100
103010100
30100200
10104
11100102
120100110
110110011
4000011
3020001
101002200
2000103
210201000
40000101
102210
11102100
101003100
220200
201100020
100000113
31200000
100100220
301110
100000320
231000
2031
1200102
3100002
2000100
200201001
1100100
11101110
111010002
1201110
2011101
111
10001130
11110101
2011110
102021
110211000
20020200
210100002
120000201
121010001
3010011
100311
1120002
400000011
200030010
13101000
410010000
301010100
1012200
100010001
40000020
101000031
121100100
21101100
1010400
1120110
11011002
31010100
30001020
100011
101202
1200021
100401000
121101000
102002010
101003001
101101020
1102200
2010
100011030
10013100
20300010
20002101
102110100
2003010
101121
200100000
300000021
200011002
240
22100100
1002021
300120000
200002002
302100000
201000300
400100100
300020001
301010001
12300000
211110000
300111000
1002111
3101001
1202010
10002012
21001110
103100100
2013
20021001
210001011
10000200
3210000
201000012
200102001
410010
200002011
10002000
10010121
30001002
21021000
100100022
410001
10100112
222000000
200200110
2110101
10020
3102
101112000
10041000
200031000
22001010
10302
11003010
110210001
2100210
301000020
14100000
10111110
10110111
2010030
1010100
100200012
11020200
10001400
110001210
1111110
10000020
101010
12200001
300011100
102111000
200002020
301100100
22010100
2010210
10130010
11000202
300001110
300200001
2200011
2020101
2000202
2000031
210000
100100400
301001010
110101011
22101
10221000
101101011
111200001
100010310
21002100
2100120
400011000
103001100
2010021
1001001
201210000
21300000
1000230
1110210
1202001
10001112
2020200
101010030
100121100
210002010
101001300
100310001
11130000
200000013
101000112
10101210
1100022
220001010
102012000
120200010
210011010
101004000
100100100
11000013
110013
300100002
20400000
101011011
101400
101100210
11010210
20300001
10000122
30000201
3000102
100032
100100121
22011
1010202
400101000
100030200
10110102
111010200
20310
121011
111012
300
210200100
12120000
200004
110100
21030
22110
10100031
310010100
20021010
1100004
120021
201012
30021
10102020
10003020
1210020
23001
300101010
10131000
120000012
2010102
111200100
10102101
1021101
12020100
301000110
200030001
20201010
10101030
1000041
103110000
103000110
20000121
10110000
13200
21210
1021020
220000011
20200200
20020101
42000
1010112
42000000
121000002
2002011
2211
100230000
102020010
200020011
11100003
22110000
120001101
101201100
101102010
220000002
200021010
1103001
210210
41010
4000200
101300010
11310
1101102
240000000
110000004
112000101
30200001
10001211
2101200
13100001
101120001
200210100
100104000
100002021
1010310
100003101
301100001
20040
1401
11100021
202000011
100002111
100401
321
1020210
30003000
400000110
121000011
3020010
101001030
11001120
10013010
104010000
13020000
111110001
2000220
213000
10001001
210101100
120001200
1000011
11011020
141000
21011100
31001010
10230000
20130000
220010010
132000
100120200
120011100
200001021
2004
10001031
102002001
2001201
200202
101130
121200
40020
112000002
20101002
31001001
10220001
100010400
20102100
210201
20201001
210300000
300001020
3010002
110000220
202100010
20003100
203100
4101
11002110
31000011
120210000
111111000
113000001
110002011
10111101
12010110
210000030
100032000
4001100
1230000
2201010
202200000
21111000
30201000
2400000
3100200
103100001
300000102
100112100
200300010
110001012
10010010
102000030
201011100
30000210
101030001
100210002
3201
100001004
1110003
11100111
11010021
131010000
210001101
1101003
10200012
100101120
40200
111002010
111000201
100102011
100200
101100120
100110003
2102100
200012010
100000221
20000400
220110
100203
200022
400100001
200004000
10010202
20100111
20000220
2040000
1020300
1002003
100311000
12210000
10111011
20010201
11012100
210000111
30002010
200001210
101020020
110020110
10113000
10002210
100100013
20010
21201
310001010
101010111
10010310
10020102
10201011
20111010
1112010
110101110
210100101
1110
2200110
101000010
211011
4110
100001400
100220100
12200010
10200000
3110100
101001210
401100
10030020
30110001
300110010
210010200
10040100
101040
100002102
10102002
200301000
100014000
100102101
111001011
21000210
1003110
201011001
20200020
1111002
1100202
10101201
10310010
200000001
100001100
21000021
10110012
120000030
300300
103101
10101120
1002201
100000032
2000112
2010120
1041
120201
300110100
2001300
30001101
41000001
101002002
220101
200100021
211101
201010200
20112000
12001002
21110001
21000
21102
1100400
1002102
100030002
110030001
102020001
100020
1210011
100110210
2112
101004
30020001
20001102
1011012
2011002
20004
10000011
1302000
21010011
100020012
1110102
10022010
203000010
10023000
2020020
3011010
12102
231
1001301
200103000
201200001
3000201
1010301
101100021
202000200
101110020
2000004
101210010
300000000
200300100
100210011
10400100
32010
22100001
120011010
110101200
20301000
1031010
120030
112010010
12001011
131100000
20310000
131000001
110210100
120002001
12100110
1002
100001001
400110000
102000300
11101011
24
20010030
20110101
10212000
101101002
10100100
210000003
200011200
1121010
10000311
3010020
2000001
400020
1100220
110001003
10001010
12000021
20100102
2010012
113001000
10102110
100011012
11002002
110100012
1200201
10030002
110000010
100100103
101022
311010000
200010210
101000211
130011
23100
10200102
30000
300010110
10104000
11021100
102100200
200000103
111101100
12100200
112100001
20000031
12200100
1001031
220020000
300002100
201011010
41000010
100221
100021002
132
101031
101110200
211000101
4010001
12002001
40110000
104001000
2030010
3002010
2012100
1000311
200211
300012
11400
30100110
12000012
11001
21001020
300001011
200101020
22010010
102300000
110103000
1020030
10121010
112101
112001010
110001021
112020000
2021100
201002100
111020001
2100
11001300
3000000
201111000
11000040
113000010
102001101
30111
1110000
100001211
200001201
20110002
30012
120001110
200200020
10021002
10120011
10000002
20012010
102200100
212100000
210102000
2100111
10020120
110200200
10020030
101300001
1101300
110202000
20010111
1200030
1100013
3200100
2001030
2040
11000103
1220010
10201002
200001030
200003010
10110030
110211
110201100
30001200
201110001
110121000
3102000
101200101
101002101
2130
100030020
100113000
11002101
11111010
100000110
20013000
31200
100001202
100112001
100210020
301002
21110100
1032000
1041000
14000001
11003001
10202100
100000230
101110011
101100003
111201000
112001100
20210100
102001011
1111011
400001010
100002003
21010020
11000100
200001120
100000104
11100300
120120000
10203000
1300110
10210200
401100000
200121000
120100002
110030010
11010000
13011
100010301
110001
200003100
100112010
1030020
1004010
100210110
10100310
100041000
2301000
111100200
122100000
120000120
21101010
200130
11200020
103002000
102011100
100020210
11001012
300011010
201101100
110101101
11111001
302000100
3011100
310011000
1121001
1021011
10010040
310000200
41100000
110004000
10111020
10000110
2011200
1011210
300210
310100001
211001010
40101
101200110
310020
40011
1140000
210000210
10401000
110020101
110001111
101001201
111210
113010
200010300
101110110
10301001
11021001
203001000
1111200
2000211
2000010
103000011
13002000
122000010
14010000
10100202
1201002
102102
10011012
210001110
102030000
2111100
1301010
310002
100020120
10210020
210100110
31000020
31002000
20000010
1001112
130110
100410
12010200
102003000
100003011
12020010
102011001
301101
30000003
20000301
110003001
110000211
3201000
101030100
100100031
41001
210030000
400010010
100011120
31011000
1002120
410000100
1410
111020100
3000120
2001210
1100121
12021
30111000
120100020
200310
100101102
11022000
111011001
120012
202000110
400110
10010100
101020200
310200
112010001
140100000
120010020
20101101
1021200
1000101
200103
11004000
2001
200200002
200001000
12000210
20100201
110002200
1023000
100110
111000102
100301100
120110100
10113
21001002
1200012
1110111
1211100
3002001
101001012
100010112
10103001
10010031
200300001
11011110
4000101
110102001
10021011
204000000
220100001
10011
312
200310000
10120200
101210001
1302
140000010
220001001
210300
32100
103000002
211011000
3001011
11200011
201
100000401
101020110
20010003
31010001
1031100
2004000
11201100
300000003
141
140000100
12111000
1001121
30003
100111101
110000031
102200010
2121000
100100004
100011300
20121000
100140000
101100030
111100020
110021100
10200
10100040
130200000
300012000
110003100
20012100
21100110
3001020
202101
100100211
3000003
201010011
100101012
112001001
13001100
101001120
11020002
410001000
101100300
110300001
10011102
101000121
230010
200210001
1220001
202010100
22000020
1020201
110021001
220100010
120200001
20002200
20000022
40000110
12011100
110201010
300021
130000101
202002000
30100101
110010201
100120110
200220
20211
213
201010110
21000003
11000211
40010010
22000110
20200110
20002110
110110110
1001130
111102000
140000001
40001010
2120001
10202001
100101300
111100002
1301001
110010111
1131
10200003
110020200
21100101
100210200
12120
4200
401000001
111030000
11110110
11001003
100111020
40000011
23100000
32100000
3001101
200031
200112
100122
210100200
40001100
1102101
1030200
130020
220101000
200000031
32001000
30010101
112100100
1001400
1101111
100200201
300000111
310000101
100121001
21100200
121020
21000300
13000020
130100100
210200001
20010300
11300010
1014
1001202
201100200
100000131
2100000
1000131
1320
210101010
120011001
101000001
1110030
10011111
1000200
220010001
110001300
102110001
10103010
4110000
202100100
20001210
20011020
4002
11000220
100110012
21001011
401000010
211100001
121002000
13000002
121000110
22000011
102000201
2121
100110030
100110000
21020010
110002110
10011120
10012110
101301000
201000201
201300
300100110
200011110
110120010
11000310
101120100
30102000
1012101
10103100
10010001
10004001
220100100
10031100
100111200
100111002
11300100
10032
401000100
200002101
310100010
130010010
1101030
203010000
100003200
31020000
11200200
2400
11000121
22010001
220200000
100001112
210001020
110000103
10001013
100201101
31011
1100031
411000000
100020300
110000301
3020100
202002
110201001
200202000
30001011
112002
240000
3012
10000131
100000200
10301100
230100
120
11100210
10110120
100012110
11110200
102100020
2000310
110010021
120030000
110010120
1200210
100001130
2001111
4100001
100020102
100011021
100011003
101220000
100200111
100000212
10200030
12101010
2120100
11030001
203100000
102000111
21
1010001
210012000
20000310
110110002
220002
13002
10100211
312000000
401010000
1004100
100121010
1100112
100201110
111011100
10101300
3001200
310101
100010004
300111
100110111
400100010
200011020
32000010
110010030
101012010
120120
120003000
113100000
10040010
201120000
22002000
30011010
1120011
3120
11000130
130020000
220000110
210021
10112100
201000120
200010021
111001200
12000120
320000100
100011210
1201200
100110300
10000023
30021000
110010300
1311000
100202100
201102
100010103
110200020
402
100021110
110100003
103100010
1300011
110040
211000020
30000012
10030110
10211010
400000020
103101000
12000201
102000003
10100301
2020002
101000202
201120
200200200
20011101
120001020
2002101
10101000
104000001
3200010
1000122
11210001
101010003
30002001
201021
10110300
2002002
3001002
100130010
100101210
10020012
20000103
10111200
30002100
210000012
201200010
100201020
200012100
101100111
